[0.99792146 0.06304373 0.07693617 0.07565286 0.06589607 0.07869058
 0.07730193 0.06777731 0.07590143 0.06972401 0.08392317 0.072235
 0.07649618 0.07783643 0.07125846 0.0678245  0.07568885 0.0689919
 0.07500051 0.06427086 0.07999164 0.07762708 0.07817944 0.07688875
 0.08112898 0.06921251 0.07541065 0.073473   0.07964099 0.07450421
 0.06941424 0.08206361 0.07789705 0.0752474  0.08480298 0.07736025
 0.08778908 0.07442699 0.07913785 0.074621   0.08153441 0.06688877
 0.08122827 0.07174042 0.07869431 0.07302677 0.06869415 0.07217136
 0.07302601 0.07697817 0.0706079  0.08095493 0.08539611 0.08197117
 0.07513385 0.0671127  0.07921786 0.06746814 0.06613729 0.06631686
 0.06690093 0.07897518 0.06682201 0.06452159]
[0.06803125 0.9976669  0.0670033  0.06848689 0.06111637 0.08432234
 0.07725529 0.06252585 0.07481329 0.06480585 0.07380595 0.06833135
 0.07343814 0.07061485 0.07060646 0.06468754 0.06678753 0.06608051
 0.07286048 0.06457172 0.07276967 0.0701911  0.07966453 0.07395845
 0.07457449 0.06770451 0.07261368 0.0789365  0.07622426 0.07267101
 0.0669363  0.08296778 0.07217542 0.07202263 0.07866521 0.06973199
 0.0832989  0.06785318 0.07579078 0.0718935  0.07681072 0.06500426
 0.07783063 0.06716884 0.07963072 0.07124708 0.06520471 0.07053605
 0.06948944 0.07150036 0.06726386 0.0758187  0.07984458 0.07672977
 0.06940713 0.06456947 0.07575531 0.06588331 0.06824698 0.06075713
 0.06538746 0.07287293 0.06509668 0.0618415 ]
[0.07181504 0.0610311  0.99816398 0.07424279 0.06632663 0.08164785
 0.07874843 0.06483633 0.07499858 0.07018634 0.08205683 0.07173614
 0.07785499 0.07647156 0.07726574 0.06947031 0.07253388 0.06982114
 0.07032091 0.06371669 0.07773627 0.07560446 0.078863   0.07327857
 0.08001851 0.06850929 0.07661932 0.07295301 0.08112298 0.07413274
 0.06778535 0.08288644 0.07754465 0.07517289 0.08131254 0.07240378
 0.08979693 0.07356345 0.08004013 0.07436109 0.0795788  0.07242607
 0.08484542 0.06940994 0.07615642 0.07446571 0.06955003 0.07180372
 0.07143111 0.07944635 0.07516878 0.0799362  0.08639664 0.08095341
 0.07467481 0.06772106 0.07952839 0.06458139 0.06571078 0.06413735
 0.06897762 0.077373   0.06724608 0.06623697]
[0.07228905 0.06167181 0.07256907 0.99805808 0.06593513 0.08100526
 0.08300006 0.06360245 0.07964087 0.07195452 0.08151053 0.07943589
 0.07760613 0.07641023 0.07510158 0.07190299 0.07316485 0.06959919
 0.0716293  0.06705141 0.07568779 0.07381903 0.07896381 0.07217246
 0.08135698 0.07246083 0.07844134 0.07517154 0.08020965 0.07461286
 0.07013511 0.08436386 0.07907022 0.07724756 0.08197537 0.07438506
 0.09041397 0.07255268 0.08178613 0.07357548 0.08583724 0.07206928
 0.08292214 0.07011261 0.07743003 0.07544843 0.07573239 0.07147127
 0.07284459 0.08344135 0.07253551 0.07982355 0.08551037 0.08552988
 0.07288334 0.06670264 0.07867019 0.06658788 0.07181355 0.06404571
 0.06906566 0.07898658 0.06937015 0.06749015]
[0.07096974 0.06186876 0.06875013 0.06899905 0.99796467 0.0784436
 0.08251203 0.06529215 0.07281124 0.06782421 0.0777977  0.07078735
 0.07495499 0.07313435 0.07204577 0.06944961 0.06870657 0.06688048
 0.07064492 0.06422942 0.07613669 0.07104039 0.0786811  0.06991482
 0.07967915 0.06705765 0.07385042 0.0754276  0.07814596 0.07340238
 0.06384487 0.0868042  0.07491122 0.07303604 0.07884346 0.07036642
 0.08513994 0.06865682 0.07705334 0.07002744 0.08044824 0.06670662
 0.07767982 0.06904959 0.07891517 0.07025936 0.06867663 0.06925679
 0.07162911 0.076409   0.07045357 0.07592642 0.08113156 0.07798075
 0.07045953 0.06647251 0.07653835 0.06232112 0.06407805 0.06188505
 0.06457433 0.07443361 0.06548056 0.06313697]
[0.07569929 0.06304698 0.07488499 0.07348311 0.06712259 0.99823334
 0.08044213 0.06648594 0.07909099 0.07141927 0.0820693  0.07531907
 0.07878432 0.07929738 0.07752914 0.07207137 0.07360254 0.07586518
 0.07753975 0.06761629 0.082378   0.07919473 0.0829969  0.07656864
 0.08205039 0.07248984 0.083127   0.07382687 0.08258694 0.07773784
 0.07014494 0.08693698 0.08092206 0.07660544 0.08399519 0.07566641
 0.09213506 0.07352423 0.08116106 0.07757305 0.08279219 0.07289161
 0.08292379 0.07083051 0.08153903 0.07630237 0.07296252 0.07157144
 0.07583281 0.08076266 0.07438436 0.0836083  0.09344877 0.08761927
 0.07807494 0.06682427 0.08617485 0.06740149 0.06953388 0.0657326
 0.06877539 0.08095628 0.07039301 0.06899484]
[0.07386527 0.06097535 0.07125338 0.07345739 0.06681444 0.08158074
 0.99807635 0.06490569 0.07742718 0.0721532  0.08129126 0.07468495
 0.07719273 0.07844721 0.07308163 0.07021658 0.07506332 0.06909356
 0.07163009 0.06443887 0.07531091 0.0745456  0.07967088 0.07394236
 0.08011054 0.06910468 0.07621642 0.07453643 0.07851104 0.07380224
 0.07015998 0.08383752 0.0802396  0.0745249  0.08194835 0.07858405
 0.09015066 0.07531604 0.08145894 0.07440163 0.08096546 0.06775808
 0.08290028 0.07092535 0.07807535 0.07504148 0.07057924 0.07106985
 0.0766305  0.07797982 0.07118326 0.08112964 0.08826754 0.08015863
 0.07628085 0.06684584 0.07951862 0.06992264 0.06763859 0.06353742
 0.0682245  0.07692774 0.07080157 0.06862477]
[0.07243859 0.05833776 0.07672025 0.0691528  0.06169827 0.0777058
 0.07561656 0.99789345 0.07359063 0.07058229 0.07976374 0.07283085
 0.07954612 0.07448006 0.06965947 0.06899126 0.07243158 0.06708068
 0.07007869 0.06299519 0.07389424 0.072064   0.07719137 0.07167355
 0.07515487 0.06800395 0.07429567 0.06891133 0.07700592 0.07160294
 0.06807831 0.08194852 0.07757726 0.07269967 0.07865721 0.07326856
 0.08524685 0.07271339 0.07492856 0.06998551 0.07726902 0.06588909
 0.07745032 0.06788376 0.07515721 0.07167774 0.06622458 0.07355069
 0.07418874 0.08348882 0.06766947 0.07904967 0.08286686 0.07861601
 0.06992266 0.0638698  0.07755407 0.06784194 0.06347478 0.06542351
 0.06507051 0.07467822 0.0679818  0.0632314 ]
[0.07437033 0.06205605 0.07289965 0.07755808 0.06530492 0.08000176
 0.07821171 0.0682579  0.99789819 0.06918478 0.08042173 0.07433486
 0.0795235  0.0746643  0.07286458 0.07185108 0.07144235 0.07234823
 0.07197598 0.06619831 0.07654694 0.07598925 0.07836893 0.07692206
 0.07982771 0.07153254 0.07792552 0.07383706 0.08119164 0.07703368
 0.06880804 0.08352174 0.08050953 0.07454445 0.08186188 0.07633781
 0.09111187 0.07185079 0.07915276 0.07319712 0.08131096 0.06862175
 0.08174883 0.06957274 0.081545   0.0736904  0.07241692 0.07031061
 0.07269633 0.07752727 0.07030547 0.08286384 0.08916678 0.08676074
 0.07461195 0.0693805  0.07846918 0.06539547 0.0663374  0.06453733
 0.06888286 0.07651971 0.06815798 0.06586424]
[0.07145451 0.06142899 0.07316766 0.06998654 0.06325005 0.08079814
 0.07693346 0.06199551 0.07332159 0.99832379 0.0770405  0.07094952
 0.07182342 0.07418442 0.0697251  0.0666847  0.06911159 0.0668798
 0.0730036  0.06109784 0.07415814 0.0701807  0.07731165 0.07068354
 0.0787667  0.06595833 0.0754168  0.0711565  0.07578492 0.07452017
 0.06915102 0.08143633 0.0758261  0.07269728 0.08076193 0.0714195
 0.08718479 0.07085603 0.07880082 0.06983189 0.0792297  0.06550355
 0.07702633 0.06584432 0.07568059 0.07160638 0.07013518 0.07297849
 0.06953213 0.07523785 0.06796107 0.07508886 0.08108394 0.0791416
 0.07393204 0.06780358 0.07780795 0.06364945 0.06566775 0.06161702
 0.06781177 0.07230728 0.06777237 0.06690805]
[0.07426597 0.0646966  0.07453441 0.07637158 0.06912911 0.08424329
 0.07885689 0.06833803 0.07853343 0.07565674 0.9982756  0.07345055
 0.08159544 0.07962179 0.07533083 0.07047207 0.07576127 0.07461211
 0.07448294 0.06686436 0.07740724 0.07422651 0.08241421 0.07448551
 0.08430974 0.07226668 0.08105322 0.07614211 0.08080607 0.07930719
 0.07358878 0.0859324  0.08008    0.07744993 0.0831905  0.07860397
 0.09451767 0.0754653  0.08266345 0.07556229 0.0836377  0.06850176
 0.08313814 0.07245284 0.08185369 0.07519926 0.07122081 0.07397681
 0.07715098 0.08033569 0.07536777 0.08534654 0.0863902  0.08270688
 0.07619422 0.06849578 0.08241938 0.06807006 0.06833535 0.0675222
 0.07173175 0.0810943  0.07123869 0.06720037]
[0.07480408 0.06380347 0.07139062 0.07195867 0.06542789 0.08054285
 0.07569584 0.06588096 0.07596084 0.06963224 0.08478743 0.99814096
 0.07736949 0.07658887 0.07571663 0.06864801 0.0737083  0.06671624
 0.07216133 0.06381777 0.07635849 0.07481313 0.08121435 0.0742483
 0.07935363 0.07379046 0.07486838 0.0721527  0.08012607 0.07532078
 0.06833897 0.08362644 0.07682157 0.07758831 0.08371279 0.0736896
 0.09063618 0.07176834 0.07888118 0.07753877 0.08265442 0.06625507
 0.08380686 0.07174764 0.07695776 0.07324159 0.06937017 0.06914687
 0.07274112 0.07662418 0.07013283 0.07963878 0.08633505 0.07887887
 0.07130707 0.06708857 0.07714075 0.06481638 0.06793    0.06460879
 0.07037992 0.07690251 0.0679842  0.0681199 ]
[0.07324905 0.06105814 0.07393028 0.07786913 0.06739517 0.07984024
 0.07748176 0.06356818 0.07744772 0.07182445 0.08223153 0.07284796
 0.99819633 0.07916863 0.07416448 0.07065643 0.07347686 0.07032997
 0.0724864  0.06876024 0.07645455 0.07528656 0.08046855 0.07323946
 0.08072413 0.06959135 0.08134821 0.07702662 0.08250296 0.07613284
 0.06765166 0.08813441 0.07989379 0.0746682  0.08208685 0.07703074
 0.09123229 0.07489296 0.08460638 0.07490369 0.08246006 0.0661407
 0.08182964 0.06997359 0.08081533 0.07608303 0.07054205 0.07429513
 0.07580838 0.08010876 0.07560673 0.08236276 0.08753669 0.08261388
 0.07601732 0.06662774 0.07988152 0.06862646 0.07183438 0.06618248
 0.0716073  0.07927149 0.07011927 0.06722447]
[0.07497817 0.06693309 0.07438118 0.07302362 0.06379131 0.07822468
 0.07577507 0.06539694 0.07867388 0.07072767 0.07889445 0.07301098
 0.07657063 0.99821669 0.07598461 0.0703867  0.0705681  0.06915723
 0.07192108 0.06342536 0.07578331 0.07221566 0.07725141 0.07142058
 0.07859175 0.07125435 0.07554889 0.07411955 0.07985685 0.07414854
 0.06729431 0.08197446 0.07798398 0.07683065 0.08124335 0.07653121
 0.08748785 0.07100051 0.07777517 0.07196928 0.08127725 0.06823196
 0.08061776 0.07272426 0.07631775 0.07353129 0.07141318 0.07047696
 0.07339452 0.08106276 0.07008846 0.07788842 0.08927408 0.08314165
 0.07067294 0.06536343 0.07978912 0.06566134 0.07092906 0.06345127
 0.06842303 0.07616678 0.0674079  0.06596582]
[0.0723802  0.0620841  0.0708661  0.07286427 0.0643744  0.08013855
 0.0754783  0.06288869 0.0788333  0.06958258 0.07997591 0.06942449
 0.07605651 0.07631509 0.99788177 0.06944815 0.07224079 0.06815235
 0.07216907 0.06589296 0.07728997 0.07362413 0.08085401 0.07069417
 0.08211128 0.07018855 0.07688787 0.07606023 0.0802823  0.07201763
 0.07540111 0.08088884 0.07694788 0.07362934 0.08363212 0.07234019
 0.08911785 0.07168691 0.07718107 0.07255593 0.07929151 0.0678178
 0.08012524 0.06833051 0.07832861 0.0704774  0.06991142 0.07313332
 0.07416445 0.07679457 0.07250664 0.07832064 0.0854008  0.07983305
 0.07146588 0.07281469 0.0777854  0.06573658 0.06584515 0.0620083
 0.06851049 0.07658019 0.06984438 0.0638543 ]
[0.07446344 0.06178239 0.07196051 0.07480134 0.06565116 0.08235831
 0.07778009 0.06706682 0.07421151 0.06990234 0.08370103 0.07891878
 0.07800106 0.0764841  0.07277764 0.99804859 0.07035134 0.0728644
 0.0724394  0.06471419 0.07434194 0.07291496 0.08415288 0.07376081
 0.0796061  0.0699624  0.07783003 0.07423732 0.08062886 0.07597634
 0.06693488 0.08395129 0.07559507 0.07755982 0.08575425 0.07392045
 0.08947843 0.07244469 0.08104365 0.07569498 0.08014974 0.06742691
 0.08524145 0.072766   0.0789881  0.0731867  0.07309373 0.06976817
 0.07198989 0.0807739  0.07191424 0.09141036 0.08550677 0.08205976
 0.07467165 0.06696898 0.08118745 0.06887557 0.06724084 0.06624147
 0.07032297 0.07686441 0.06968228 0.06570705]
[0.07225573 0.06114412 0.07286715 0.07391972 0.0704049  0.0821505
 0.07975118 0.06422927 0.07711306 0.06955371 0.07877997 0.06976373
 0.07610582 0.07404837 0.07271282 0.06978296 0.99812796 0.06894206
 0.07125295 0.06426222 0.07252614 0.07532073 0.07771767 0.07380101
 0.07730841 0.06838226 0.07891066 0.07490985 0.07793279 0.07769245
 0.06869201 0.08677669 0.07694137 0.07646011 0.08211213 0.0750636
 0.08826544 0.07124722 0.07580526 0.07161225 0.0800703  0.06683766
 0.07893068 0.07104968 0.07812141 0.07310945 0.07385142 0.07311771
 0.07181006 0.08115562 0.07094499 0.07943849 0.08393769 0.07744579
 0.07040028 0.06723733 0.077471   0.06394438 0.06784471 0.06606765
 0.06687959 0.07631804 0.07176579 0.06720868]
[0.07328298 0.0618382  0.06971977 0.07516438 0.07036053 0.07899083
 0.07611455 0.06334193 0.07665051 0.06975131 0.08023382 0.07110521
 0.07550229 0.07643433 0.06947317 0.06934171 0.07205381 0.99807753
 0.07478041 0.06663443 0.07391305 0.07306501 0.07812571 0.07314719
 0.08076658 0.0681277  0.075696   0.07466372 0.07846601 0.07634602
 0.0710901  0.08166165 0.07568842 0.07528673 0.08280884 0.07562128
 0.08603706 0.0722175  0.07777711 0.0771792  0.07894553 0.06705823
 0.07837901 0.07011453 0.08321608 0.07470525 0.06740419 0.0708654
 0.07212456 0.08239385 0.06953227 0.07795207 0.08469286 0.08019847
 0.07032141 0.06498655 0.08312509 0.06649468 0.06531506 0.06210061
 0.07225206 0.07905806 0.06762822 0.0646572 ]
[0.07326818 0.05934321 0.0729674  0.07158724 0.06693667 0.08041317
 0.07718804 0.06376489 0.07728321 0.07225079 0.07926284 0.07221276
 0.0749542  0.07640533 0.07661458 0.06937304 0.06960692 0.0707456
 0.99803425 0.06417207 0.07488982 0.07351745 0.07768953 0.07033564
 0.07777387 0.07016603 0.07804889 0.07251055 0.08006775 0.07279392
 0.06816352 0.08430148 0.08169711 0.07424659 0.08030819 0.0721542
 0.08878611 0.07455967 0.07936773 0.07278682 0.08148803 0.06721491
 0.07800804 0.06878797 0.08179952 0.07800946 0.07074952 0.07124552
 0.07155936 0.07771739 0.07027688 0.08205278 0.08551002 0.08325897
 0.07055455 0.06879003 0.07683175 0.06394815 0.0655892  0.0654668
 0.06565521 0.07453412 0.06736807 0.06705908]
[0.07336058 0.05838242 0.06934968 0.0697332  0.06730986 0.07832769
 0.0728457  0.06323632 0.07359552 0.06704339 0.07692713 0.07000353
 0.07466079 0.07082851 0.07040489 0.06490498 0.06798458 0.0702578
 0.07016339 0.9979125  0.07377551 0.06942969 0.07548211 0.07123056
 0.07995247 0.07004362 0.07639122 0.07164444 0.07484463 0.07102283
 0.06603277 0.07940422 0.07472517 0.07133349 0.07826752 0.07214107
 0.09485639 0.06880483 0.07768268 0.0738014  0.08041191 0.06531792
 0.07659327 0.0680501  0.07458792 0.06986326 0.07144324 0.0674781
 0.06914173 0.08123455 0.06986507 0.07756206 0.08111859 0.07765379
 0.07072512 0.06402977 0.08232075 0.06702998 0.06837875 0.06003374
 0.06420524 0.07386579 0.06578876 0.06040363]
[0.07370878 0.06207368 0.07346449 0.07259363 0.06638971 0.08297387
 0.08340562 0.06390401 0.08106147 0.07267183 0.07892883 0.0725054
 0.07614152 0.07731005 0.07478883 0.07025475 0.0738548  0.06842919
 0.07521656 0.0637583  0.99813959 0.07544729 0.0834351  0.07153484
 0.08033753 0.07004435 0.08160541 0.07618559 0.08192885 0.07424401
 0.07623855 0.0844779  0.07804211 0.07701136 0.08320694 0.07422151
 0.08953015 0.07670911 0.08390674 0.07546238 0.08403711 0.0662215
 0.08324126 0.06925524 0.07811197 0.07506729 0.07113129 0.07376597
 0.07319053 0.07714402 0.07132323 0.08150176 0.08577892 0.08188705
 0.0732642  0.06696902 0.08123414 0.06772463 0.0693332  0.06591145
 0.06878001 0.07705025 0.06735867 0.06651265]
[0.07355749 0.06517765 0.07178647 0.07374163 0.06885999 0.0837737
 0.07881254 0.066526   0.07721994 0.07449503 0.0832244  0.07377961
 0.08264539 0.07794191 0.07426425 0.07048257 0.0732638  0.07108697
 0.07918059 0.06542152 0.07837683 0.99800423 0.08019077 0.07598646
 0.08187609 0.07572515 0.07858376 0.07415415 0.08319705 0.07644174
 0.07153399 0.08380049 0.08348063 0.07667477 0.08275218 0.07989244
 0.09050994 0.07484127 0.08163455 0.0755015  0.08385644 0.06789677
 0.08556761 0.07045587 0.07972554 0.07861724 0.07051836 0.0732682
 0.07221902 0.07841813 0.07106347 0.08023845 0.08636599 0.08236899
 0.07284885 0.06819313 0.07992529 0.06894828 0.06810533 0.06584249
 0.07198344 0.07734929 0.07067569 0.06621549]
[0.0789118  0.06395377 0.07455698 0.07701867 0.06639541 0.08032861
 0.08029077 0.06574522 0.08040935 0.07062306 0.08264775 0.07404189
 0.07883389 0.07845171 0.07483022 0.07173721 0.07247198 0.07166432
 0.07259822 0.06691363 0.0777368  0.07559189 0.99817417 0.0751457
 0.08267823 0.07556153 0.07881535 0.07289929 0.08254095 0.07504088
 0.07180327 0.08736391 0.07848062 0.07594637 0.0828992  0.07539902
 0.0915669  0.07627101 0.08255144 0.07381324 0.08413457 0.07056329
 0.08190061 0.07404662 0.08066153 0.07868133 0.07102296 0.07318831
 0.07287649 0.0801024  0.07166958 0.08268386 0.08864208 0.08216117
 0.07814335 0.06613424 0.08220191 0.06685872 0.07079737 0.06632062
 0.07378512 0.07996474 0.07061339 0.06684809]
[0.07220447 0.06173299 0.07007015 0.07173127 0.06701729 0.07965396
 0.07525089 0.062542   0.07534806 0.06770534 0.07892554 0.07413448
 0.07500359 0.0793543  0.07121802 0.06727512 0.07625998 0.06954717
 0.07075337 0.06469241 0.07383393 0.07679592 0.07808517 0.99822336
 0.07848779 0.06842984 0.07470535 0.07253477 0.08318166 0.07342542
 0.06652955 0.08386158 0.08487008 0.07463027 0.08124941 0.07279856
 0.08792489 0.07307753 0.07890311 0.07264885 0.08036288 0.06461595
 0.08068991 0.0685425  0.08044606 0.07025153 0.06924967 0.07233954
 0.07343512 0.07755296 0.07415582 0.0820109  0.08522255 0.08104255
 0.0718868  0.06426353 0.07672385 0.0637692  0.06472174 0.06281161
 0.06679495 0.07907176 0.0671692  0.06551624]
[0.07542683 0.0628889  0.07654457 0.07638128 0.06685214 0.0822264
 0.07827895 0.0653772  0.07931128 0.07251574 0.08175153 0.07333895
 0.08501331 0.07785326 0.07264243 0.07317136 0.07433855 0.07309959
 0.07532938 0.06615064 0.07711427 0.07719892 0.08166311 0.07408071
 0.99829001 0.06970895 0.07835711 0.08060152 0.08180578 0.08170048
 0.06973577 0.08525004 0.08659521 0.07998213 0.08667263 0.07616969
 0.09092658 0.07729235 0.08252632 0.08016117 0.08218726 0.07194234
 0.08492148 0.06941669 0.07856684 0.0779435  0.07455849 0.0767644
 0.0754906  0.08729314 0.07197321 0.08250984 0.08819128 0.085419
 0.07232472 0.06972762 0.08234969 0.06840248 0.06791011 0.06484869
 0.07037255 0.07831992 0.06918292 0.06779855]
[0.07298069 0.05951315 0.0688602  0.07626546 0.06418541 0.08112827
 0.07640035 0.06371777 0.07388795 0.06909577 0.08022046 0.07317684
 0.07457923 0.07902475 0.07245373 0.06831215 0.07223343 0.07127548
 0.0734175  0.06287717 0.07661146 0.07635129 0.07813117 0.06809375
 0.08089855 0.99824401 0.07668146 0.07259067 0.08119601 0.0728024
 0.06838982 0.08061747 0.07720376 0.07654421 0.08247764 0.07708295
 0.08689701 0.07261995 0.08071096 0.07902848 0.07971624 0.0680197
 0.07963235 0.07965458 0.07923673 0.07302108 0.06888041 0.073225
 0.07139738 0.07676304 0.07214111 0.08047292 0.08556374 0.07939836
 0.07216708 0.06593128 0.07708011 0.06547498 0.06742751 0.06220983
 0.06855734 0.07754266 0.06723538 0.06557068]
[0.07798465 0.06169529 0.07584981 0.07793016 0.0667037  0.08076627
 0.08176911 0.06368056 0.07874329 0.06989087 0.08206291 0.07287401
 0.07669196 0.077215   0.07382882 0.07044723 0.07192283 0.06885718
 0.07320979 0.06601078 0.07577636 0.07477864 0.08351896 0.07540241
 0.08380674 0.07117366 0.99811858 0.07514214 0.08035562 0.07884728
 0.0728867  0.08766591 0.07786865 0.07589667 0.0828097  0.07489369
 0.08849215 0.07412224 0.08121038 0.07450043 0.08215849 0.06695673
 0.08046474 0.06928592 0.07953115 0.07364642 0.07113349 0.07395991
 0.07390821 0.07587175 0.07281399 0.08852121 0.08722759 0.08186513
 0.0726563  0.06727049 0.07985599 0.0687898  0.06785298 0.06430844
 0.06864537 0.07817188 0.06960709 0.06616127]
[0.0741584  0.06110989 0.07540011 0.07292033 0.07123728 0.08307848
 0.07553843 0.06463065 0.07656187 0.06862557 0.07961309 0.07111181
 0.07569162 0.07662907 0.07052949 0.07302679 0.07193241 0.06984335
 0.07066084 0.06528588 0.07644781 0.0743387  0.07764497 0.07344206
 0.07930434 0.07117129 0.07852151 0.99817931 0.08001156 0.07490881
 0.06884573 0.0825945  0.07782671 0.07556813 0.08393789 0.07843965
 0.08952098 0.0713316  0.07905356 0.07558266 0.0796954  0.06832923
 0.08480034 0.07264038 0.07955825 0.07919332 0.07225619 0.07341371
 0.07267417 0.07567641 0.06958039 0.08046308 0.08696548 0.08162979
 0.07309029 0.06583643 0.07824871 0.06728943 0.06541656 0.06626901
 0.06837894 0.07953776 0.06785351 0.06448327]
[0.0741485  0.06344897 0.07341949 0.07419031 0.07092126 0.08644431
 0.07963837 0.07097387 0.07919213 0.07055433 0.08136931 0.07616957
 0.07839703 0.07623989 0.07551988 0.07097819 0.07315298 0.07282462
 0.07356532 0.06567846 0.0765338  0.07563873 0.08237405 0.07247301
 0.08177313 0.0705699  0.07942135 0.07490372 0.99837773 0.07531498
 0.07158364 0.08736938 0.08087889 0.0751978  0.08363431 0.07653852
 0.09190267 0.07212297 0.08204473 0.07655741 0.08254395 0.06822858
 0.07976413 0.07206691 0.07883264 0.07989432 0.07198145 0.07713011
 0.07532817 0.07967337 0.07448937 0.08528269 0.08717658 0.08336836
 0.07593118 0.06971423 0.07999134 0.06739176 0.06768881 0.06952891
 0.06887278 0.0806435  0.07029257 0.06818629]
[0.07183755 0.06610632 0.07348888 0.07443299 0.06567122 0.0810144
 0.07747095 0.06526236 0.07858744 0.07302672 0.08129839 0.07363382
 0.0775482  0.07779976 0.0725251  0.0708034  0.07444303 0.0693434
 0.07397182 0.06632244 0.07811308 0.07492589 0.07933611 0.07556767
 0.07963781 0.07059694 0.08039318 0.07295634 0.0829019  0.99827333
 0.06994129 0.08467992 0.0814878  0.07729505 0.08458258 0.07412733
 0.08936001 0.0746359  0.0824724  0.0748924  0.08120796 0.0682404
 0.08363364 0.07197136 0.07909295 0.07330226 0.07304082 0.07069013
 0.07284512 0.08036652 0.07016383 0.08102524 0.08890613 0.0827309
 0.07425447 0.06791497 0.07899378 0.0674253  0.06894604 0.06419435
 0.06980929 0.0787597  0.07163102 0.06565292]
[0.07483237 0.06184575 0.06971657 0.07163144 0.06597629 0.07801186
 0.07563726 0.06607174 0.07374905 0.0688594  0.07716998 0.07264231
 0.07706335 0.07317305 0.07190847 0.06859058 0.06926185 0.06743579
 0.0691633  0.06217655 0.07305784 0.07308089 0.07568612 0.07045497
 0.08118051 0.06760473 0.07498257 0.0711784  0.07912775 0.0738875
 0.99805185 0.08128948 0.07776293 0.07300043 0.07946577 0.07018393
 0.08533712 0.07510206 0.07962876 0.07213276 0.0783633  0.0672355
 0.0786709  0.07237541 0.07872725 0.07135416 0.0685192  0.06934016
 0.07138132 0.07777065 0.06994892 0.08389326 0.08084548 0.07917644
 0.07106085 0.0686011  0.07503888 0.06742301 0.06796716 0.06263235
 0.06843116 0.07824985 0.06840612 0.06614764]
[0.07476667 0.06249928 0.07517103 0.0760703  0.06973603 0.08184894
 0.08042806 0.06615517 0.08065831 0.07078165 0.08087924 0.07537574
 0.07779254 0.07607474 0.07506734 0.07158862 0.07384167 0.0712288
 0.07198835 0.06674873 0.07879555 0.07511222 0.07970287 0.07240532
 0.08147791 0.07315386 0.07728795 0.07478442 0.08206623 0.07673358
 0.07057989 0.99817712 0.08055613 0.07507341 0.08576043 0.07630295
 0.09087392 0.0741857  0.08093086 0.07726014 0.08415883 0.07510932
 0.08536765 0.06958015 0.07963645 0.07507114 0.07227962 0.074955
 0.07427561 0.0840435  0.07242718 0.08234258 0.0883954  0.08428087
 0.07499343 0.06863122 0.08225982 0.07079209 0.06986856 0.06827924
 0.07061839 0.07844574 0.07184798 0.06673178]
[0.07370208 0.06499991 0.07153966 0.07206443 0.06731834 0.08115491
 0.07845933 0.06389023 0.07624176 0.06938987 0.08084003 0.07061709
 0.07924513 0.07738981 0.07106131 0.07132965 0.07301544 0.07094105
 0.07201727 0.06644133 0.07532588 0.07512439 0.07866636 0.07427994
 0.08113647 0.06931054 0.07799035 0.07311832 0.08046699 0.07467375
 0.06872639 0.08368891 0.99803747 0.07567472 0.0821185  0.07406582
 0.08872929 0.0748987  0.0796433  0.07340988 0.07940117 0.06831538
 0.08225497 0.07010212 0.07995716 0.07367558 0.07321376 0.07012592
 0.07398846 0.08227819 0.07391905 0.08304007 0.08570454 0.08300439
 0.07343077 0.06593663 0.08034274 0.06739972 0.06931915 0.06743047
 0.06871062 0.07725527 0.06790889 0.06610889]
[0.07581783 0.05997884 0.0702974  0.07360431 0.06708608 0.07902871
 0.07747879 0.06886092 0.07556804 0.0700796  0.08023364 0.07101823
 0.07865983 0.07574526 0.07415674 0.07238511 0.07263265 0.06989687
 0.07031268 0.0676415  0.07416358 0.07901114 0.08316754 0.07318276
 0.07883631 0.06936713 0.07607351 0.07375283 0.08014021 0.07618263
 0.0717139  0.08636712 0.07743453 0.99822202 0.07885655 0.07458321
 0.08710628 0.07641082 0.08154628 0.07235052 0.07931327 0.06727768
 0.08087311 0.0702565  0.08065506 0.07272457 0.06876335 0.07022614
 0.07551129 0.07866021 0.07011353 0.08131477 0.08546753 0.0822863
 0.07670128 0.06553396 0.07914597 0.06370381 0.06782453 0.06550121
 0.06984879 0.07697754 0.07218397 0.06483862]
[0.07507073 0.06365588 0.07275138 0.07369276 0.06796769 0.08254225
 0.08002319 0.06507929 0.0767544  0.07209075 0.07878812 0.07434492
 0.07651689 0.07696664 0.07740364 0.07466057 0.07243791 0.06959741
 0.07596774 0.06635384 0.07700025 0.07868935 0.07978053 0.07182043
 0.08284357 0.06940354 0.08839537 0.07600189 0.08005516 0.0783817
 0.07323888 0.09082623 0.08009008 0.07940171 0.99805296 0.07669216
 0.09156496 0.07490083 0.07915044 0.07361713 0.08230036 0.066738
 0.08225116 0.07061456 0.08077932 0.07240132 0.07114226 0.0747528
 0.07544366 0.07795505 0.07126383 0.08184886 0.08628398 0.08275367
 0.07619721 0.06734626 0.08160801 0.06843051 0.06856945 0.06486621
 0.06797985 0.07681899 0.07136835 0.06770446]
[0.07342407 0.06056339 0.07051091 0.07163169 0.06662893 0.08165645
 0.07757093 0.06462794 0.07509098 0.0735377  0.07992677 0.07319728
 0.07970519 0.07628862 0.07276095 0.06747097 0.07192185 0.06791715
 0.07254645 0.06337346 0.07261205 0.07684657 0.07891428 0.07607739
 0.07914057 0.06772925 0.07709166 0.07242405 0.07898263 0.07319147
 0.06897875 0.08693882 0.07731443 0.0768429  0.0838687  0.99787719
 0.08800558 0.07101861 0.07829641 0.07513114 0.08176299 0.0687863
 0.07837163 0.07052743 0.08051857 0.07153075 0.07011952 0.07312088
 0.07609753 0.07643408 0.07002826 0.07908324 0.08686034 0.08144691
 0.07099287 0.06538154 0.07781472 0.06580316 0.06573821 0.06318807
 0.07095646 0.0759696  0.06702117 0.06503944]
[0.07472077 0.06347425 0.07501911 0.07391593 0.06832343 0.08509222
 0.08043628 0.06662126 0.07957895 0.07248861 0.08191067 0.07637193
 0.07798415 0.08071614 0.07440533 0.07223728 0.07641161 0.07371382
 0.07447519 0.0659715  0.07714097 0.07680337 0.0801977  0.07152158
 0.0810452  0.07427429 0.08443745 0.07464544 0.08104922 0.08188329
 0.07084432 0.09162676 0.08188913 0.07863265 0.0865307  0.0777456
 0.99836157 0.07512388 0.0829912  0.07670807 0.08314982 0.06902349
 0.08424561 0.06911535 0.08086434 0.07819536 0.07210564 0.07328748
 0.07409679 0.07956744 0.07173054 0.0836867  0.08659293 0.08437486
 0.07868438 0.07071345 0.0819931  0.06648088 0.0675857  0.06859519
 0.07061464 0.08791223 0.06926675 0.06655042]
[0.07618442 0.06153345 0.07183077 0.07304066 0.06669261 0.0794386
 0.07849216 0.06618912 0.07537057 0.06944312 0.08061301 0.07046296
 0.0756829  0.07668107 0.07498586 0.07253137 0.0698592  0.0662192
 0.07000611 0.06378861 0.07841389 0.07307225 0.07739143 0.06897238
 0.07991198 0.06812175 0.07680396 0.07138039 0.07931759 0.07791631
 0.07338955 0.08278108 0.08048017 0.07486959 0.08134215 0.07242998
 0.09677868 0.99838006 0.08221998 0.07468098 0.08073716 0.06593801
 0.07961187 0.07107983 0.07700217 0.07532853 0.06870793 0.07059163
 0.07523484 0.07860593 0.07011233 0.08010628 0.08934701 0.08179829
 0.07192953 0.07042324 0.07627943 0.06943057 0.06455722 0.06429018
 0.07186306 0.08092941 0.06641278 0.06254232]
[0.07886012 0.06261379 0.07903932 0.07613286 0.06538177 0.08236889
 0.07794204 0.06544282 0.07692121 0.07113574 0.08069894 0.07336669
 0.07696064 0.07653832 0.07307347 0.06945327 0.07404251 0.068689
 0.07243955 0.06775515 0.07619596 0.07628264 0.08028788 0.07154886
 0.08038963 0.0746824  0.07763095 0.07100644 0.08151677 0.07726024
 0.07148085 0.08514936 0.07932849 0.07654328 0.08130533 0.07289001
 0.08956245 0.07343771 0.99811381 0.07849687 0.08256887 0.06690374
 0.08124413 0.07092404 0.0783821  0.07297137 0.07263885 0.07182376
 0.07253277 0.07856379 0.06958766 0.08377279 0.08794493 0.08232006
 0.07071786 0.06765611 0.0782462  0.06579488 0.06625967 0.06407436
 0.06794442 0.08021013 0.06684092 0.07005539]
[0.07080335 0.06087829 0.07069984 0.07263419 0.06477276 0.07857873
 0.07658093 0.06356093 0.07509608 0.06956989 0.07881132 0.07100673
 0.0765997  0.07960837 0.06997452 0.06726456 0.0712449  0.07106793
 0.07045862 0.06318079 0.07620869 0.07199628 0.0798628  0.07027357
 0.07872271 0.06744235 0.07453494 0.07491236 0.07910275 0.07443687
 0.06865849 0.08445723 0.07717904 0.07301064 0.08135667 0.07160353
 0.0888788  0.07265435 0.08302585 0.99812475 0.08176974 0.06754156
 0.08313741 0.06792546 0.07716848 0.07139696 0.06828268 0.07030186
 0.0755244  0.07594088 0.07009317 0.08317739 0.0832229  0.0801816
 0.07448432 0.06787473 0.07576987 0.06694103 0.06750989 0.06386636
 0.06755505 0.07715787 0.06995129 0.06805425]
[0.07904736 0.0640154  0.07388079 0.07302604 0.06577683 0.08513412
 0.07790532 0.06566696 0.07556487 0.07236589 0.07858105 0.0770233
 0.07965993 0.07963296 0.07338671 0.07205028 0.07254211 0.07344435
 0.07463173 0.06468365 0.07491879 0.07467504 0.07958333 0.07335644
 0.08020295 0.07101631 0.07670135 0.07703864 0.08153224 0.07875265
 0.06964046 0.08404925 0.07937517 0.0764022  0.0820494  0.07725124
 0.08823026 0.0732803  0.08246336 0.07392476 0.99848561 0.06676413
 0.0794286  0.07215072 0.07667134 0.07443211 0.07559577 0.07358283
 0.07486306 0.07830376 0.06968301 0.08122202 0.08740673 0.08269597
 0.07647275 0.06624386 0.08036656 0.06613368 0.06813908 0.0653289
 0.06813382 0.07661153 0.07076252 0.06556685]
[0.07077424 0.06110711 0.0694254  0.0711291  0.06266707 0.0773359
 0.07614544 0.06059267 0.07402196 0.0671173  0.07805619 0.06929405
 0.07294227 0.07459154 0.07490517 0.0698689  0.0687904  0.06799956
 0.07265035 0.06513153 0.07681902 0.07165015 0.07413802 0.07007441
 0.07741571 0.06659846 0.07524307 0.07005994 0.0778976  0.07182566
 0.06619586 0.08229671 0.07736953 0.07306275 0.08048373 0.07238727
 0.08983752 0.07083217 0.08064755 0.07036859 0.07667123 0.99797586
 0.07542211 0.0666947  0.07532382 0.07255175 0.07050457 0.0683054
 0.06923344 0.07462651 0.07158325 0.08115836 0.08405935 0.07739776
 0.07122722 0.06597788 0.07862518 0.0621634  0.06634894 0.06345036
 0.06499298 0.07506412 0.06936301 0.06581426]
[0.07352317 0.06170315 0.0737381  0.07570912 0.06754014 0.08141002
 0.07710573 0.06449078 0.07853833 0.07369847 0.08047656 0.07669393
 0.08005494 0.08018726 0.07457734 0.0693603  0.0756986  0.07144757
 0.07266082 0.06562971 0.07561764 0.07489044 0.08396063 0.07202268
 0.08159923 0.06987941 0.07695908 0.07348937 0.08051663 0.07528938
 0.06763769 0.08447221 0.07925239 0.07896176 0.08349087 0.0768274
 0.09215336 0.07691027 0.07963106 0.07488265 0.08273154 0.06762529
 0.99817644 0.07658331 0.07793707 0.07486827 0.07147778 0.07418924
 0.07218985 0.08129498 0.0727709  0.08169922 0.08916695 0.08621481
 0.07262196 0.06611179 0.07985743 0.06795868 0.06629166 0.06499608
 0.07195117 0.07777593 0.06972033 0.06805829]
[0.07342528 0.06354712 0.06996918 0.07047081 0.06387958 0.0808772
 0.07552193 0.06205963 0.073687   0.06877647 0.07763899 0.06928329
 0.07459332 0.07254865 0.0711311  0.06765412 0.07310726 0.06858488
 0.07286029 0.06259014 0.07660801 0.07542205 0.07738554 0.07277605
 0.07784984 0.06650232 0.07636037 0.07536685 0.07694419 0.07389735
 0.06793707 0.08126062 0.07959904 0.0744754  0.08137697 0.07214209
 0.09162666 0.07752709 0.07792191 0.07413686 0.07806867 0.06613819
 0.07787998 0.99798694 0.07452421 0.07100574 0.06961067 0.07281371
 0.07165453 0.07476679 0.06991642 0.08056225 0.08369696 0.07822707
 0.07274655 0.06764662 0.07805633 0.06497644 0.06714795 0.06278489
 0.0654942  0.07423526 0.06562501 0.06382581]
[0.07391247 0.06254663 0.07406455 0.0765413  0.0651238  0.08330413
 0.07909467 0.07040321 0.07918479 0.07160186 0.07942481 0.07557218
 0.07820379 0.08072382 0.07405113 0.06914422 0.07352924 0.07096312
 0.07238749 0.06942003 0.07778621 0.07588924 0.08047393 0.07266593
 0.07889401 0.07104677 0.07631187 0.07389459 0.08086237 0.0754848
 0.06922121 0.08699698 0.08029003 0.07551087 0.08078823 0.07581123
 0.08908814 0.07343827 0.07913145 0.07412722 0.08388209 0.06829271
 0.08473937 0.06942206 0.99829254 0.07400862 0.07244538 0.0734159
 0.07262737 0.07921207 0.07079363 0.08520472 0.08641715 0.08134824
 0.07329601 0.07493176 0.08123519 0.0706394  0.06689672 0.06372932
 0.06915329 0.08067782 0.0678532  0.0660711 ]
[0.0738543  0.06330909 0.07474555 0.07110779 0.06552075 0.0804476
 0.077237   0.064839   0.07636637 0.07001878 0.08263821 0.0745587
 0.07666936 0.0758332  0.07397998 0.07082467 0.07005479 0.06797052
 0.06961394 0.06300369 0.07389163 0.08231848 0.07798667 0.07069563
 0.07890176 0.07133431 0.07299512 0.07084199 0.07815319 0.07675368
 0.06519046 0.08249851 0.07694963 0.07353787 0.08166071 0.07421765
 0.08540099 0.07580055 0.07687487 0.07381128 0.07980774 0.06860059
 0.08159028 0.06934869 0.07700075 0.99820541 0.07034422 0.07365728
 0.07324177 0.08026907 0.06878374 0.07828573 0.08517198 0.08270026
 0.07180081 0.06543716 0.079367   0.06857212 0.06855961 0.06634356
 0.06825957 0.07911741 0.07221698 0.06570963]
[0.07073792 0.06103258 0.07200578 0.07101219 0.06507759 0.07916721
 0.07714635 0.06548779 0.07371663 0.06768392 0.07900496 0.07078648
 0.07372958 0.07663212 0.07178257 0.06790589 0.07032475 0.06907762
 0.07361115 0.06333324 0.07507913 0.0730889  0.08116629 0.06965284
 0.08298331 0.07101952 0.07800184 0.07605693 0.07949074 0.07506354
 0.06880182 0.08012859 0.07465167 0.07262973 0.0816268  0.07590741
 0.08522773 0.0709831  0.07974573 0.07096235 0.07879419 0.06510368
 0.08236574 0.06733635 0.07987854 0.07332535 0.9982523  0.06976314
 0.07268622 0.0760631  0.06799384 0.08041506 0.08779023 0.08621249
 0.07165974 0.06790192 0.07544927 0.06852895 0.06478477 0.06566137
 0.06626817 0.08398069 0.06803968 0.0629522 ]
[0.07183597 0.05889527 0.07168957 0.07155327 0.06506586 0.07808021
 0.0747249  0.06241391 0.07729557 0.06843391 0.07621108 0.0694166
 0.07677968 0.07399967 0.07137293 0.06737272 0.06881557 0.06746805
 0.06943486 0.06513725 0.07693618 0.07380939 0.07700381 0.06997757
 0.0771464  0.07329134 0.07446808 0.07144894 0.07853228 0.0744259
 0.06988794 0.08001544 0.08151566 0.0727703  0.08202213 0.07201512
 0.08631386 0.07256653 0.07925052 0.07548983 0.07789355 0.06690357
 0.07902462 0.06894079 0.07739822 0.07220504 0.07172507 0.99839286
 0.07168584 0.07538581 0.07025577 0.07810134 0.08426543 0.07927717
 0.06959002 0.07221505 0.07793257 0.06511094 0.0657268  0.06313471
 0.06973537 0.0741955  0.06631478 0.06252986]
[0.0739448  0.06041994 0.07278353 0.07622421 0.06436733 0.08154046
 0.07582985 0.0629384  0.07503256 0.0723679  0.08182842 0.07203434
 0.07626042 0.0749465  0.0707028  0.06858173 0.07077839 0.06886944
 0.07173839 0.06211061 0.07418209 0.07525108 0.07782391 0.07324396
 0.08002538 0.06913549 0.0781642  0.07639572 0.07853817 0.07696843
 0.0676557  0.08305642 0.07684479 0.07725807 0.07918161 0.07234089
 0.0897889  0.07176318 0.07746458 0.07196777 0.08165765 0.06584107
 0.07884022 0.06923457 0.07863686 0.07239085 0.06947683 0.07131463
 0.99786043 0.07838279 0.06814057 0.07942021 0.09090182 0.0792869
 0.07178034 0.07319327 0.08054168 0.06807841 0.06977526 0.06335224
 0.06879094 0.07850428 0.06684038 0.0674663 ]
[0.07458187 0.06358385 0.07510459 0.07877825 0.06654033 0.08227664
 0.07696661 0.06478713 0.07802262 0.07222514 0.08141329 0.07282087
 0.07587801 0.07717046 0.07474942 0.07203636 0.0710387  0.06960423
 0.07265752 0.06539317 0.07579315 0.07865011 0.08050507 0.07557505
 0.08121115 0.06995529 0.07699213 0.07813927 0.08217753 0.07540731
 0.07345845 0.08340506 0.07798899 0.07492664 0.08595048 0.07668462
 0.08975612 0.07701369 0.08458487 0.07464058 0.08099812 0.07158413
 0.08171286 0.0730182  0.08057838 0.07431582 0.07078359 0.07013609
 0.07433181 0.99814195 0.071481   0.08714306 0.08532932 0.08454541
 0.07539297 0.06767616 0.08304804 0.06622928 0.06748159 0.06752003
 0.06939709 0.07815579 0.07013097 0.06643754]
[0.07310272 0.06049327 0.07447021 0.07058114 0.06601897 0.07939414
 0.0785324  0.06896444 0.0788903  0.07182378 0.07854368 0.07021422
 0.0770928  0.07396468 0.0715912  0.07142602 0.07017442 0.06797683
 0.07308277 0.06238011 0.07370798 0.07218148 0.07755361 0.07625592
 0.07971043 0.06953912 0.07848073 0.07304856 0.08466455 0.07283899
 0.06806182 0.08913937 0.07433123 0.07253686 0.07996257 0.07224371
 0.09019404 0.07477675 0.07779992 0.07382892 0.08296106 0.06940982
 0.07852566 0.07042607 0.07831509 0.07558035 0.06795682 0.06965994
 0.07228209 0.07514311 0.99836457 0.07902131 0.08255859 0.08012521
 0.07106912 0.07147717 0.0798586  0.06369119 0.06561207 0.06438025
 0.06544212 0.07802403 0.06877251 0.06655352]
[0.07591213 0.06331093 0.07234966 0.07624494 0.06713528 0.08079237
 0.07870671 0.06769728 0.07787678 0.07250219 0.08070498 0.07224446
 0.07617233 0.07769442 0.07429374 0.07046863 0.07763908 0.06864377
 0.0723718  0.06702048 0.07550613 0.07506801 0.07921109 0.07449903
 0.08147261 0.06812979 0.0774535  0.07206617 0.0798853  0.07594911
 0.06878374 0.08507115 0.08197358 0.07449738 0.08372166 0.07578924
 0.08936811 0.07771196 0.08095348 0.07241242 0.08088296 0.06623251
 0.08016398 0.07532346 0.08138577 0.0749813  0.07156653 0.07310561
 0.07477259 0.07756258 0.07253151 0.99836432 0.09037144 0.08251583
 0.07374849 0.06960201 0.0773119  0.07151687 0.06721899 0.06821265
 0.06650248 0.07998899 0.06913903 0.06725901]
[0.07418356 0.06325741 0.0724439  0.071487   0.07162953 0.08234999
 0.07845541 0.06739634 0.07825458 0.07232988 0.08366479 0.07264511
 0.07632093 0.0814421  0.07138684 0.07004702 0.07378147 0.06780716
 0.0703286  0.06258747 0.0738428  0.07431935 0.07627079 0.07420511
 0.07842317 0.06875359 0.07606233 0.07351555 0.07991888 0.07357897
 0.06761252 0.08450394 0.07850268 0.07620251 0.08445463 0.07834764
 0.09288806 0.0761331  0.0804129  0.07823331 0.08009688 0.07032623
 0.07881352 0.07100955 0.07980337 0.07406931 0.06919012 0.07199387
 0.07456917 0.07787406 0.07331437 0.07942491 0.99811611 0.08186549
 0.0730202  0.06734344 0.0806722  0.06761351 0.06620535 0.06440101
 0.0679608  0.07725337 0.07079499 0.06438357]
[0.07547258 0.06259824 0.07425165 0.0762513  0.06937513 0.07992612
 0.07775291 0.06633882 0.07926976 0.07085706 0.08009798 0.07224653
 0.07855247 0.07707739 0.07330263 0.07288226 0.07430307 0.06976106
 0.07366488 0.06567174 0.07713145 0.07596971 0.08024139 0.07256732
 0.08054355 0.07038564 0.07934761 0.07472118 0.07924042 0.07408364
 0.07134491 0.08482509 0.0791282  0.07885941 0.08393344 0.07705307
 0.08943348 0.07351945 0.08292742 0.07630904 0.08079106 0.06799481
 0.08231245 0.06905314 0.07931823 0.07616625 0.07294652 0.07585311
 0.0767047  0.07955268 0.07175883 0.08228594 0.08607795 0.9981836
 0.07581421 0.06784273 0.08024081 0.06572902 0.06724805 0.06927079
 0.06838393 0.07802799 0.07039045 0.0669693 ]
[0.07516289 0.06402278 0.07404365 0.07365532 0.06547717 0.07976992
 0.08049672 0.06530752 0.08115929 0.06994769 0.08067412 0.0737857
 0.07464956 0.07870174 0.07262739 0.06825033 0.07147309 0.07040573
 0.07347249 0.06523184 0.07459182 0.07642296 0.0791968  0.07294574
 0.08018792 0.06945123 0.07627614 0.07385286 0.08196219 0.07861611
 0.06754931 0.08443225 0.08033432 0.07458147 0.08335052 0.07599865
 0.08887436 0.07254466 0.08041298 0.07366864 0.08228979 0.07219737
 0.08177028 0.0708033  0.07889346 0.07661713 0.07128494 0.07069356
 0.07467302 0.07756573 0.07019484 0.08570465 0.08366582 0.07978121
 0.99819977 0.06907067 0.07629184 0.0653567  0.06780887 0.06265334
 0.06723893 0.07603212 0.06884189 0.06504042]
[0.07225686 0.05931772 0.06949983 0.06991033 0.06502389 0.0786932
 0.08149965 0.06162404 0.07746714 0.06839019 0.07524271 0.06951759
 0.07254318 0.07612064 0.072118   0.06587031 0.06988961 0.07082441
 0.07630974 0.06348437 0.07285334 0.07193088 0.0745334  0.07333423
 0.07854133 0.06657023 0.07503809 0.07054319 0.07725635 0.07234919
 0.06652842 0.08127246 0.07494949 0.07367859 0.08069401 0.07511
 0.08950679 0.06852103 0.07715803 0.07286966 0.07864508 0.06644992
 0.08022925 0.06800171 0.0764689  0.07209974 0.07096553 0.06931028
 0.07014845 0.0758464  0.07055948 0.07812537 0.0841419  0.07762788
 0.07177171 0.99801378 0.07731607 0.06356794 0.07251334 0.06277447
 0.06574838 0.07972633 0.06845266 0.06470038]
[0.07347132 0.06197159 0.07429015 0.07633401 0.06896411 0.07978234
 0.07950719 0.06677548 0.078253   0.0707329  0.08006709 0.07134992
 0.07957558 0.07853914 0.07395158 0.07080175 0.0718927  0.06887638
 0.07213622 0.06750271 0.07610103 0.07635769 0.0811485  0.07116492
 0.08077919 0.07333214 0.08094096 0.07729436 0.08440665 0.07693496
 0.07082818 0.08581667 0.07920149 0.0759789  0.08425442 0.07503
 0.08834337 0.07283174 0.0834305  0.07427687 0.08740136 0.06743428
 0.08272873 0.06939037 0.07953785 0.07636156 0.0729412  0.07185779
 0.07355343 0.07843953 0.07477676 0.08680378 0.08679851 0.08228178
 0.07338769 0.06580992 0.99820285 0.06639951 0.06588403 0.06871496
 0.0680527  0.07739723 0.07308467 0.06737841]
[0.07546158 0.06117506 0.07710265 0.06956924 0.06198496 0.08422797
 0.07428004 0.0664212  0.07362749 0.06587826 0.07614077 0.06911345
 0.07562993 0.07415295 0.07173129 0.07144374 0.06874687 0.06766013
 0.07013946 0.05965546 0.07150868 0.07091375 0.07711256 0.07144571
 0.07409129 0.06459709 0.07238741 0.06938091 0.07966468 0.07099505
 0.06544477 0.08016098 0.07799514 0.07122219 0.07844255 0.07316177
 0.08567699 0.07307493 0.07472455 0.06914602 0.07766363 0.0632388
 0.07518001 0.06657313 0.07326104 0.07143752 0.06636484 0.06997199
 0.06802789 0.07376793 0.06851993 0.07704782 0.08300504 0.07862023
 0.06823715 0.06830699 0.07387962 0.99794951 0.06476348 0.06291072
 0.0690598  0.07493354 0.06671423 0.06325213]
[0.07069164 0.05997505 0.07378018 0.07088892 0.06608317 0.07987164
 0.07470283 0.06356235 0.07532432 0.06898684 0.07744053 0.07213119
 0.07319654 0.07329019 0.07353667 0.07145872 0.07157646 0.06524719
 0.07003383 0.06599118 0.07188741 0.07264123 0.07604223 0.07082015
 0.08073387 0.06653137 0.07657255 0.06912703 0.08231563 0.07120599
 0.06724646 0.08027654 0.07652247 0.0755161  0.07839824 0.07140223
 0.08507511 0.06983761 0.07977259 0.07219139 0.08077366 0.06413096
 0.07924151 0.06852384 0.07762865 0.07306266 0.06751619 0.06947673
 0.07051943 0.0756029  0.06900311 0.07995062 0.0810192  0.07785833
 0.071038   0.0660491  0.07704018 0.06504299 0.99794507 0.06240823
 0.06555672 0.07485956 0.066785   0.06189593]
[0.07262788 0.05921499 0.0683201  0.07001373 0.06272505 0.07666377
 0.07458667 0.06192946 0.07248129 0.06625496 0.07751785 0.06881844
 0.07221192 0.07176676 0.06967918 0.06985344 0.06672753 0.06723238
 0.073302   0.06023921 0.07285923 0.0715007  0.07519342 0.06861456
 0.07505512 0.06814637 0.07378303 0.07163023 0.07557822 0.07199756
 0.06538797 0.08052068 0.07393884 0.07622855 0.07839857 0.07101056
 0.08901997 0.06945942 0.07730248 0.07139417 0.0761964  0.06327703
 0.07801141 0.06810667 0.07364174 0.07144319 0.06530187 0.07119874
 0.06917336 0.07368891 0.06832245 0.07749441 0.07940845 0.07798062
 0.06949765 0.06404248 0.07599148 0.0634577  0.06655858 0.99815844
 0.0639446  0.07552859 0.06828491 0.06134453]
[0.07322718 0.05863744 0.07070416 0.07244497 0.0641743  0.08581485
 0.07931752 0.06297283 0.0758953  0.0680719  0.08549553 0.07284449
 0.07632978 0.0748892  0.07427213 0.0676766  0.07309978 0.06956934
 0.0732228  0.06454077 0.07679746 0.07408306 0.07959975 0.07240647
 0.08015773 0.07279824 0.07519426 0.07443813 0.07846714 0.07430082
 0.06737498 0.08199653 0.07715056 0.07471332 0.08140926 0.07132028
 0.08693585 0.07253543 0.079711   0.07081984 0.08188055 0.0652787
 0.08217549 0.06914036 0.07659695 0.07098656 0.06884117 0.06900663
 0.07320014 0.07943789 0.07415446 0.08183183 0.08145737 0.08027005
 0.07053815 0.06421766 0.07723877 0.06392792 0.06516856 0.06335603
 0.99798846 0.07702302 0.06661745 0.06388261]
[0.07624905 0.06052706 0.07280779 0.07342574 0.06984306 0.08121996
 0.08144669 0.06395636 0.07884103 0.07161047 0.084161   0.0732627
 0.07608864 0.07647849 0.07564042 0.069191   0.0721407  0.07452051
 0.07325627 0.06572505 0.07740971 0.07478486 0.0849672  0.07136372
 0.08073183 0.07095598 0.07717276 0.07437754 0.07989572 0.07694906
 0.06774621 0.08329243 0.07787127 0.07611973 0.08379467 0.07363433
 0.0907757  0.07258154 0.07874361 0.07304839 0.08084054 0.0691557
 0.07992821 0.07077934 0.07989797 0.0727033  0.07174056 0.07030165
 0.07724501 0.07777045 0.07393954 0.08205596 0.08301776 0.08410882
 0.07640056 0.06561522 0.08094338 0.06512713 0.06776058 0.06506209
 0.07018908 0.99821609 0.07151014 0.06685624]
[0.07048369 0.06412024 0.07108074 0.07237791 0.06907818 0.08060176
 0.07493517 0.06178162 0.07400699 0.06770805 0.07882077 0.0686819
 0.07356077 0.07462438 0.06976607 0.06912294 0.06745522 0.06811636
 0.07058858 0.06278416 0.07742463 0.07145327 0.07729027 0.07045019
 0.07886423 0.06688389 0.08001242 0.07337653 0.07892724 0.07406768
 0.06609396 0.0814198  0.07856873 0.0767435  0.08059126 0.07833093
 0.08500553 0.06962727 0.07875111 0.07596089 0.07815172 0.06534233
 0.07890695 0.06710829 0.08082876 0.06961223 0.07530122 0.07028814
 0.07246833 0.07552916 0.06967553 0.07790468 0.08356579 0.07909848
 0.07117603 0.06686061 0.07553925 0.06273555 0.06630092 0.06398493
 0.07112469 0.07558624 0.99783959 0.06400362]
[0.07570822 0.06247924 0.07345533 0.07082407 0.06961034 0.08190779
 0.07724397 0.06296253 0.07720557 0.06690614 0.07694129 0.07169898
 0.07319902 0.07591231 0.07670101 0.06797206 0.06916972 0.06832435
 0.07087427 0.06330347 0.07412474 0.07263675 0.07812662 0.07198414
 0.0830223  0.06892141 0.07473739 0.07118047 0.07820992 0.07286404
 0.06897294 0.07982559 0.08118976 0.07400558 0.08110813 0.07463679
 0.08555486 0.07158851 0.07952049 0.07188863 0.08508112 0.06694326
 0.08244321 0.06955723 0.07682944 0.07218728 0.06693416 0.07100077
 0.07098302 0.07538512 0.0704274  0.08010288 0.08839395 0.07818815
 0.07233582 0.06385531 0.07745341 0.06269442 0.06655158 0.0627769
 0.06733973 0.07594674 0.06753171 0.99781996]
