[0.99834197 0.04188786 0.04513538 0.03868895 0.04197558 0.04233615
 0.04475386 0.0384653  0.04360596 0.04082433 0.04594601 0.03898926
 0.03935154 0.04179716 0.04570041 0.04229603 0.04284814 0.04150598
 0.04230025 0.03629126 0.05760771 0.04464125 0.04399488 0.0455978
 0.03798148 0.04011417 0.04190272 0.03937698 0.04406313 0.04335496
 0.03972082 0.04423335 0.04152693 0.04326653 0.05397338 0.04266866
 0.04991684 0.03863423 0.04118951 0.0474979  0.04032705 0.03904357
 0.04576511 0.03745568 0.04321922 0.04986795 0.04291288 0.0365817
 0.04144828 0.04188442 0.04041509 0.05570714 0.04372439 0.04069022
 0.03815502 0.04008124 0.04147066 0.04135119 0.04164657 0.03457684
 0.04071484 0.05024957 0.03772725 0.04162962]
[0.0399053  0.99831964 0.03797484 0.04423161 0.04040426 0.04902039
 0.03822755 0.03800035 0.03952482 0.03819654 0.04595311 0.04038866
 0.04316943 0.03929489 0.03770714 0.0442197  0.03816698 0.0503925
 0.0476993  0.04150437 0.0486736  0.04186552 0.05446754 0.03697899
 0.038995   0.04122936 0.05120586 0.03763116 0.04219279 0.0463555
 0.0460696  0.04379772 0.03975348 0.04102224 0.05094211 0.04388643
 0.05044486 0.04458747 0.04676641 0.04044752 0.03824624 0.04478201
 0.04487834 0.03925771 0.04897197 0.04131865 0.0403814  0.03968319
 0.03729328 0.04677006 0.04571872 0.05209173 0.04637224 0.04270054
 0.03963465 0.04942949 0.04443267 0.03582126 0.0413677  0.03364313
 0.03480751 0.0387598  0.03696393 0.04303212]
[0.03956104 0.0401939  0.99866779 0.0392337  0.0411439  0.04566814
 0.04623952 0.04406771 0.04191127 0.04545271 0.03803442 0.04709148
 0.03910982 0.03837667 0.04054637 0.04316382 0.03745988 0.04140468
 0.0418031  0.03532108 0.0480815  0.04181031 0.04056603 0.04546716
 0.0379421  0.03607108 0.04015102 0.05075045 0.05432621 0.04813298
 0.04769729 0.03896536 0.04295306 0.05118566 0.03959236 0.04065034
 0.05482995 0.04616662 0.03762673 0.04140408 0.04296665 0.04949785
 0.03794156 0.04202428 0.04193198 0.04250175 0.04647926 0.04348069
 0.03391541 0.04453028 0.04709423 0.05009409 0.04295352 0.04149397
 0.04158366 0.04213091 0.04377107 0.04103538 0.0488429  0.03692564
 0.03918671 0.04666287 0.04544826 0.03691845]
[0.04759858 0.03898954 0.0384563  0.99834605 0.03400885 0.04616358
 0.04009411 0.0364215  0.04067854 0.04881062 0.04132041 0.04217519
 0.04662124 0.04345076 0.04257314 0.03798732 0.03931799 0.04269676
 0.04469533 0.03731339 0.04769973 0.04555252 0.04315835 0.04062591
 0.04670817 0.03993134 0.04704191 0.04042711 0.05423635 0.04447249
 0.04360666 0.04671069 0.0382691  0.04047102 0.0519275  0.03733383
 0.04853907 0.04093849 0.04495913 0.03923849 0.04537456 0.03458099
 0.04846344 0.04089342 0.03887239 0.05241399 0.04849623 0.04181355
 0.03834103 0.0424104  0.04238057 0.04380501 0.04297203 0.04336093
 0.04186638 0.04619716 0.04813668 0.03689802 0.03621877 0.03979816
 0.04225317 0.04332665 0.04479086 0.04465773]
[0.04330685 0.03423382 0.04227517 0.03971206 0.99836702 0.04398639
 0.04105442 0.03535895 0.04325306 0.03963838 0.04456593 0.04380779
 0.040851   0.04545302 0.05259963 0.03747328 0.03909456 0.04054255
 0.04116227 0.03145243 0.03939367 0.04359074 0.04452034 0.03842608
 0.04270382 0.04549854 0.03897161 0.04221397 0.05215941 0.04227571
 0.03607139 0.04123053 0.04755039 0.04333118 0.05083152 0.04459542
 0.04400975 0.03840166 0.04628004 0.04893949 0.04128943 0.03761061
 0.04435284 0.04423351 0.0488952  0.04772555 0.03873244 0.04151898
 0.04376219 0.04166297 0.04598533 0.04768042 0.04952014 0.04863381
 0.04175393 0.04067943 0.04698222 0.0374442  0.03970672 0.03896773
 0.03745125 0.03983762 0.04316578 0.04152792]
[0.04347817 0.04221707 0.04032711 0.04268746 0.03913423 0.99787815
 0.0360448  0.03386538 0.0393283  0.03869885 0.04786543 0.04309185
 0.04539714 0.04083242 0.04311019 0.04089926 0.04087944 0.04532412
 0.0443969  0.04735612 0.04499975 0.03829876 0.04033131 0.04000581
 0.04484411 0.04450236 0.03743425 0.04314566 0.04323637 0.04427828
 0.03901007 0.04037532 0.04477153 0.04584149 0.03994318 0.03923389
 0.04622981 0.04126858 0.04876365 0.03851295 0.04342513 0.03750333
 0.04622249 0.04622161 0.04160271 0.03986417 0.03846289 0.04209316
 0.04378876 0.04070785 0.03708633 0.04738824 0.04420252 0.04127556
 0.03998251 0.03567242 0.04923651 0.03838884 0.03307865 0.04067372
 0.03821604 0.04875694 0.04247493 0.03434021]
[0.0465505  0.03859591 0.04141435 0.04498954 0.03735042 0.04961988
 0.99835263 0.03885158 0.05050702 0.04445398 0.04548729 0.04562533
 0.03502175 0.04500528 0.04233361 0.04086104 0.04003035 0.04061899
 0.04630507 0.03742191 0.03999504 0.04660438 0.04054207 0.04232147
 0.04822076 0.04617415 0.03912769 0.04259428 0.05124462 0.04382038
 0.04096849 0.04493331 0.04667356 0.04360954 0.03798001 0.04822645
 0.04948196 0.04158247 0.03975265 0.04396529 0.04122042 0.03440474
 0.05830445 0.04149293 0.05240548 0.04104792 0.04381115 0.03981323
 0.04225363 0.03873275 0.040485   0.04129632 0.04765039 0.04595019
 0.04103159 0.0410596  0.03849167 0.03529049 0.04313095 0.03488242
 0.04245488 0.04358641 0.03770703 0.04167517]
[0.03814159 0.0382383  0.04123288 0.04220942 0.03913863 0.04822421
 0.03940651 0.99817586 0.04427526 0.04108555 0.03976037 0.04302332
 0.0432497  0.03947287 0.03697505 0.0485441  0.03669729 0.03762726
 0.03748199 0.04153048 0.04860837 0.03848372 0.04185583 0.04935765
 0.04566975 0.04036382 0.04664352 0.04385181 0.04591773 0.03832162
 0.0402375  0.04260366 0.04527518 0.04246963 0.04525632 0.04637557
 0.05190188 0.03980854 0.04553645 0.04716226 0.04659937 0.04478395
 0.04048222 0.03680948 0.0436353  0.04205406 0.05156323 0.03850149
 0.03808288 0.03840519 0.04162167 0.05001952 0.04900786 0.04086428
 0.0398598  0.04658939 0.05073395 0.03305547 0.03542188 0.0417765
 0.03786621 0.05230797 0.0498935  0.04232264]
[0.04508597 0.03776568 0.04597582 0.0381255  0.04189576 0.05089956
 0.04177951 0.03821565 0.99822309 0.0349763  0.05630214 0.0406547
 0.0542719  0.0495974  0.04335115 0.04764035 0.04805859 0.04754117
 0.04851681 0.04159764 0.03947021 0.03758678 0.05086837 0.04588267
 0.04354508 0.03771842 0.0473757  0.04495985 0.04598649 0.04112937
 0.03559401 0.04091514 0.04225859 0.04235261 0.04153948 0.04094658
 0.04815206 0.03684741 0.04107774 0.04109695 0.04426619 0.03699286
 0.04337468 0.03988741 0.04858692 0.03967449 0.04673407 0.03641705
 0.03939411 0.05286376 0.03790568 0.04369828 0.04235844 0.04430359
 0.04472628 0.04628239 0.04958313 0.03922813 0.03704409 0.03626181
 0.0425969  0.04580288 0.04538487 0.03917133]
[0.03620537 0.03839417 0.03661492 0.04423874 0.03927703 0.04721435
 0.04576001 0.03979328 0.04029531 0.99824345 0.03889264 0.04136984
 0.03701225 0.0429199  0.0480218  0.03854062 0.03718891 0.04105916
 0.04057688 0.03792814 0.04589555 0.03906908 0.04498822 0.04134026
 0.04582527 0.03947863 0.05000619 0.03718368 0.05538672 0.03516427
 0.03777702 0.04247879 0.05141086 0.03685084 0.0495537  0.04403613
 0.04702692 0.04904671 0.04994155 0.044761   0.04406942 0.04404389
 0.04305859 0.03772605 0.04774909 0.04565443 0.05011674 0.03984563
 0.04331659 0.04170472 0.03562509 0.04248555 0.04699836 0.04345823
 0.04222997 0.04043191 0.0447698  0.03482262 0.04037117 0.03401484
 0.04203587 0.03948919 0.04075885 0.03939562]
[0.04856423 0.03478309 0.03928045 0.04398255 0.03963547 0.04076177
 0.04303884 0.037708   0.04312195 0.0338621  0.99792504 0.04264114
 0.03864853 0.05123197 0.04280327 0.04220478 0.03893607 0.03963564
 0.04048125 0.03726488 0.04401744 0.05296052 0.05434953 0.04373265
 0.0430366  0.04409458 0.04129624 0.04358632 0.04559249 0.04744889
 0.03833375 0.04740073 0.04526046 0.05054846 0.04526551 0.04310434
 0.04376836 0.0445226  0.0466049  0.04648322 0.04654972 0.04124366
 0.04565741 0.039978   0.04715124 0.04680602 0.04002085 0.04148908
 0.04192959 0.04289762 0.0371931  0.03948689 0.04134211 0.04274087
 0.03891802 0.04172633 0.03872822 0.03533619 0.03964114 0.04310983
 0.03865052 0.04797315 0.03897486 0.03745768]
[0.03514213 0.03328878 0.04571878 0.03686593 0.04093098 0.04604476
 0.03599165 0.03704946 0.04605438 0.0443834  0.05152964 0.99816961
 0.04064577 0.04796294 0.04048893 0.04094758 0.03748113 0.0458394
 0.04671471 0.04504715 0.04612325 0.0412431  0.05434672 0.04115161
 0.04435665 0.03665364 0.03879846 0.03911339 0.04510043 0.04369247
 0.03935451 0.04826761 0.04352281 0.0448553  0.05602702 0.04413731
 0.04881785 0.04212959 0.04293779 0.04201078 0.04185738 0.03910651
 0.04462328 0.03677386 0.03734951 0.04599541 0.04524465 0.03828684
 0.03574525 0.0423552  0.04273045 0.03703946 0.0436238  0.0443411
 0.03859261 0.0366252  0.04446032 0.03922752 0.04446319 0.03809792
 0.04285374 0.0411038  0.04216612 0.03611998]
[0.04339794 0.04083739 0.04571037 0.04308992 0.03923407 0.04294896
 0.0433294  0.04049758 0.04165883 0.03820359 0.0478002  0.04250348
 0.99813176 0.043212   0.04109435 0.04523471 0.03842656 0.03539601
 0.04788519 0.03967329 0.04035551 0.03761108 0.05092516 0.03801597
 0.03707861 0.03966649 0.03986265 0.03689087 0.04240648 0.04394603
 0.0419952  0.04859677 0.04513331 0.0425955  0.04408015 0.03870078
 0.04603053 0.03832277 0.03855265 0.03958621 0.04440714 0.04820271
 0.04606628 0.04795775 0.0470884  0.04054961 0.03945302 0.05103506
 0.0353351  0.04209289 0.04338268 0.04655661 0.04168417 0.04814375
 0.03766416 0.03960554 0.03945608 0.03671327 0.0420071  0.0372782
 0.04274033 0.04343191 0.04153068 0.03920909]
[0.04590762 0.03539829 0.03820532 0.04802686 0.04195713 0.04274715
 0.04868325 0.03932321 0.04701587 0.04148992 0.04456842 0.0421526
 0.04323539 0.99824936 0.03771436 0.04592593 0.04311714 0.03466404
 0.0403799  0.03648699 0.04181663 0.04595154 0.04494496 0.03610482
 0.04779645 0.04397058 0.04526975 0.0400976  0.04193953 0.05404676
 0.04043862 0.04204036 0.04155428 0.04279956 0.04915159 0.04416259
 0.04542121 0.04504508 0.04084116 0.03586487 0.04450407 0.04038555
 0.05079398 0.04467425 0.04545933 0.04752809 0.0470751  0.04207628
 0.0384733  0.04316171 0.03876553 0.03873171 0.04281489 0.0382295
 0.03713397 0.04028392 0.04078708 0.03853916 0.03986718 0.03721572
 0.04784151 0.04987691 0.04092886 0.04415158]
[0.03676654 0.0393917  0.04075183 0.03967711 0.04390011 0.04823842
 0.04365909 0.03807454 0.03674532 0.04706528 0.05839725 0.04170066
 0.04017599 0.05114937 0.99804912 0.04176527 0.03783561 0.04243434
 0.04880237 0.04368319 0.04415653 0.0382419  0.04259587 0.04040814
 0.05111058 0.03686771 0.0418877  0.03793991 0.04477041 0.04116074
 0.04062993 0.04398563 0.03977602 0.04132531 0.05156722 0.03858301
 0.04515035 0.04016883 0.04057018 0.04330132 0.04567858 0.04280147
 0.04908878 0.04456169 0.05195489 0.03991314 0.04089046 0.04036738
 0.0418069  0.03959528 0.04169113 0.04318797 0.0463169  0.04360082
 0.04202479 0.04328274 0.0420693  0.03508494 0.03799175 0.04388297
 0.04033885 0.04243479 0.04059633 0.03871253]
[0.04161016 0.04463131 0.04085096 0.04640447 0.04504806 0.04623491
 0.04221124 0.04640779 0.03945307 0.03915647 0.04347632 0.04370328
 0.04121234 0.0407498  0.04055054 0.99810664 0.04032769 0.04593811
 0.03852215 0.04388304 0.03999977 0.04324188 0.04875617 0.04655431
 0.04240088 0.04076096 0.04167517 0.05167963 0.04929482 0.04617926
 0.04177315 0.04937592 0.04682319 0.04771859 0.0445357  0.04709281
 0.0480358  0.04394761 0.05247946 0.04214674 0.04690173 0.0436223
 0.04348768 0.04436862 0.04948512 0.04155068 0.03359683 0.04784222
 0.03992046 0.04453053 0.03807156 0.05436537 0.04187318 0.04251517
 0.04148829 0.03824092 0.04429025 0.03829617 0.04479978 0.03743631
 0.04384822 0.04237152 0.04210638 0.03214593]
[0.04510191 0.03957426 0.04030314 0.04121275 0.03794739 0.04270803
 0.04146369 0.03914662 0.04795355 0.04277    0.04460109 0.03989237
 0.04028617 0.04811589 0.04478899 0.04046982 0.99831033 0.04013022
 0.04396104 0.03132947 0.05260603 0.03956654 0.03939572 0.04199822
 0.03755298 0.04072599 0.04481393 0.03811896 0.04373385 0.04283713
 0.04133087 0.04084839 0.04352818 0.03862109 0.04140887 0.03878819
 0.04545866 0.03736132 0.0518168  0.03924777 0.05102049 0.04001212
 0.04542764 0.04042937 0.0430365  0.04564687 0.04523407 0.04234406
 0.04164353 0.04208977 0.04440211 0.05020075 0.04004765 0.04810155
 0.03909511 0.03531607 0.04759808 0.04015625 0.03956394 0.03634429
 0.03992154 0.04121836 0.03542823 0.03305871]
[0.04158512 0.03422808 0.04421974 0.03837596 0.04370023 0.04698843
 0.04326269 0.04029758 0.05032436 0.04451184 0.04883585 0.04315691
 0.03925528 0.04331614 0.04558123 0.03813158 0.04310644 0.99799291
 0.04077115 0.03167125 0.03500165 0.04526354 0.04059657 0.03832052
 0.05142819 0.04242225 0.04381996 0.04216695 0.04094456 0.04804974
 0.03856322 0.04592169 0.04585431 0.04686898 0.04716181 0.04476784
 0.04276912 0.04187477 0.03930294 0.03595833 0.04811658 0.03843565
 0.05436169 0.03559351 0.04088394 0.04545219 0.03850241 0.03758962
 0.03492736 0.04499369 0.04137167 0.04602534 0.04396174 0.05128401
 0.04151511 0.04017309 0.05304911 0.03874312 0.04021653 0.05367883
 0.04065089 0.04964464 0.03728685 0.05003053]
[0.0414046  0.03964036 0.03950026 0.03686386 0.0414134  0.05086901
 0.038715   0.03859661 0.04110452 0.0343237  0.04680059 0.04464226
 0.03941521 0.0424944  0.04041934 0.04189907 0.04458411 0.04399634
 0.99841537 0.04518517 0.04239123 0.03867314 0.04359161 0.03715601
 0.04408253 0.04122034 0.04055189 0.04029715 0.0443882  0.04675823
 0.03425527 0.05015541 0.04102881 0.04938872 0.04371534 0.04293956
 0.05219117 0.039013   0.03950117 0.0403117  0.04382093 0.04574694
 0.0446296  0.04328935 0.05242824 0.0379829  0.04137371 0.04048542
 0.04628949 0.05624482 0.04561353 0.046811   0.04528922 0.03849246
 0.04104301 0.03706554 0.0510934  0.0382066  0.04357806 0.04594084
 0.03835104 0.04269966 0.04026032 0.04100498]
[0.04773051 0.04609697 0.04321992 0.03863838 0.0378785  0.0465109
 0.04086115 0.03465591 0.04872866 0.04398482 0.04400918 0.04234406
 0.0457376  0.04363987 0.03961456 0.04084895 0.04029112 0.04568978
 0.04332533 0.99825637 0.04617025 0.04126726 0.04786132 0.04567306
 0.04273847 0.04054915 0.05136658 0.04184251 0.05084096 0.04072766
 0.0388615  0.04570368 0.03830921 0.04309086 0.03599443 0.04858853
 0.04376265 0.04356903 0.04293349 0.04653918 0.04328674 0.03611945
 0.04645761 0.03349454 0.05347605 0.03589033 0.03774623 0.041903
 0.04844896 0.04561179 0.04613335 0.05010786 0.04427033 0.04962656
 0.04160333 0.03870402 0.0519348  0.0437765  0.03780679 0.03814369
 0.04504938 0.04277884 0.03920227 0.03743722]
[0.04308956 0.03688052 0.03976327 0.04134276 0.04069689 0.05263669
 0.04070147 0.03586878 0.04760739 0.04167168 0.04398744 0.03501482
 0.04447258 0.04718335 0.03759181 0.03945974 0.03952089 0.04213459
 0.0462076  0.04189328 0.99796196 0.04461526 0.04985631 0.03899413
 0.04225391 0.03962736 0.03927323 0.03920491 0.04113144 0.04961301
 0.03778624 0.04264211 0.04390754 0.04416427 0.03952785 0.03904353
 0.04933892 0.04684566 0.04230497 0.04137369 0.05071011 0.03841998
 0.04772402 0.04606655 0.0440192  0.0432813  0.04038709 0.04394068
 0.04002985 0.04361876 0.03931089 0.04162301 0.0406792  0.04469691
 0.0368839  0.04294759 0.04350743 0.0367164  0.03827024 0.03846464
 0.04724391 0.04204308 0.04065452 0.03537926]
[0.0353159  0.04141779 0.04130367 0.04139784 0.05245212 0.0462346
 0.03801963 0.05083998 0.06078155 0.04154854 0.05392824 0.05644079
 0.04632534 0.04217408 0.04250993 0.04747075 0.04204934 0.04502787
 0.0486241  0.04697089 0.03869292 0.99818996 0.04018864 0.04543734
 0.04804927 0.04180047 0.04671908 0.05189121 0.04615396 0.04221592
 0.04440501 0.041934   0.04144094 0.04197887 0.04866399 0.05520078
 0.04621661 0.05525098 0.04812524 0.04516804 0.04346512 0.03822765
 0.05021988 0.04472139 0.03936804 0.04666546 0.04078787 0.04197274
 0.03813046 0.04507217 0.04021935 0.04285243 0.0438827  0.04390711
 0.03868282 0.04152699 0.05321021 0.03799042 0.03806798 0.04396059
 0.03654613 0.05510215 0.04314995 0.03421993]
[0.04815998 0.03729422 0.04192444 0.03675742 0.03702517 0.04607478
 0.04120391 0.03828047 0.04175589 0.03721157 0.0458621  0.04225544
 0.04340322 0.04175988 0.04860089 0.04236532 0.05296008 0.0362241
 0.04223391 0.04045756 0.04108325 0.0448319  0.99816578 0.04005966
 0.04133671 0.03605105 0.0446253  0.03792004 0.03792567 0.042408
 0.03606438 0.04028637 0.04875526 0.04615895 0.05175112 0.0431562
 0.04901832 0.05016042 0.04219664 0.03966348 0.04749104 0.04818448
 0.04732765 0.03997211 0.04270249 0.037533   0.04713652 0.03817566
 0.0477639  0.04719068 0.05417122 0.04539986 0.04764241 0.05241843
 0.03504901 0.03597135 0.04010912 0.03837876 0.03890975 0.03612591
 0.03962705 0.04731131 0.04450554 0.04132294]
[0.04173473 0.04046305 0.04265543 0.04194625 0.0427431  0.04548448
 0.04232859 0.03671635 0.04199063 0.04001304 0.04747546 0.04516829
 0.04138507 0.04777117 0.04606359 0.04145432 0.04088634 0.03697127
 0.03737533 0.03825288 0.04266003 0.04815979 0.04702159 0.99818109
 0.04658456 0.0342848  0.04415615 0.04129783 0.03856982 0.04195773
 0.04657168 0.0480125  0.04150495 0.04616135 0.03923963 0.04138225
 0.05643806 0.04807421 0.03745953 0.04088354 0.04243356 0.03891703
 0.04718853 0.04002359 0.03773487 0.04918599 0.04356049 0.04282165
 0.03997948 0.05302254 0.03808454 0.04871699 0.03782164 0.04169697
 0.0379628  0.03781629 0.04226172 0.04037265 0.04257467 0.04032019
 0.05651669 0.03915269 0.05104009 0.04164756]
[0.04272157 0.0474467  0.04651523 0.03758764 0.0363783  0.04887181
 0.04688154 0.04248806 0.03874    0.04756791 0.04327214 0.03834853
 0.03866118 0.0416435  0.03774429 0.03906039 0.03595746 0.04783549
 0.04056509 0.03827701 0.04136819 0.03877324 0.04090307 0.04126324
 0.99853636 0.04929001 0.04646124 0.04628951 0.04747091 0.04606851
 0.04379662 0.03984597 0.03894621 0.04087492 0.05165414 0.04847319
 0.04577739 0.04010643 0.04430648 0.03440294 0.04754127 0.04426668
 0.04541459 0.04364278 0.05178813 0.04882052 0.04873315 0.04148185
 0.04223331 0.04532743 0.04282577 0.03997029 0.04752228 0.04270361
 0.04735307 0.04388811 0.04389102 0.03556343 0.03689486 0.03821928
 0.04881007 0.04728723 0.03666819 0.04335336]
[0.04049069 0.04238203 0.04131765 0.04352041 0.04406511 0.03923406
 0.04336889 0.0376715  0.03926643 0.03891842 0.04323983 0.04725038
 0.0385708  0.04100251 0.0386631  0.03626582 0.04211477 0.03753894
 0.04198038 0.03981809 0.04291745 0.04356103 0.0380961  0.04329878
 0.04856179 0.99814868 0.0467809  0.04268869 0.03897664 0.03878941
 0.04154833 0.04044436 0.03953064 0.05267891 0.04528205 0.04303928
 0.04702471 0.04098754 0.03946691 0.05328827 0.04243124 0.04510604
 0.04788571 0.03480111 0.05052351 0.04834132 0.03770112 0.04099825
 0.0393845  0.04933612 0.03885362 0.04182154 0.04147868 0.0399817
 0.04314697 0.03784684 0.04625478 0.03279846 0.0450585  0.04034266
 0.04421207 0.04913367 0.04467604 0.03713242]
[0.03722062 0.03936002 0.04532355 0.03730925 0.04478738 0.04239117
 0.05131463 0.03579177 0.04034194 0.04339594 0.04213779 0.03932601
 0.04549579 0.04198412 0.04233477 0.03606862 0.04026635 0.04559486
 0.03944868 0.04096878 0.04135062 0.04493417 0.04436234 0.03842121
 0.04247113 0.03775402 0.99805125 0.03977847 0.04158273 0.04238339
 0.03702759 0.05328984 0.0417533  0.04206263 0.04615443 0.04253865
 0.04918307 0.04077328 0.03998738 0.05289767 0.03816279 0.039386
 0.0452694  0.04036507 0.0423825  0.03991326 0.03823665 0.03692033
 0.03752305 0.04654591 0.04326062 0.0383378  0.04355609 0.04694733
 0.0445988  0.03928427 0.03904337 0.03717279 0.03824145 0.03629044
 0.04112878 0.04156375 0.04157627 0.03847635]
[0.03842028 0.03968524 0.04372142 0.03805396 0.04016847 0.04058445
 0.03975712 0.04108528 0.04420858 0.03503084 0.04488816 0.04440799
 0.0484237  0.04080193 0.04155845 0.04225538 0.04970939 0.04218362
 0.03825156 0.03915568 0.04303874 0.04367871 0.03947348 0.04489357
 0.04397718 0.04090994 0.04835526 0.99811498 0.04448955 0.04077339
 0.0462529  0.05140599 0.04344599 0.04979904 0.04276489 0.04615005
 0.05619297 0.03857625 0.04775224 0.04569524 0.0467862  0.04527162
 0.04305336 0.04436759 0.04353436 0.04855147 0.04741106 0.03839688
 0.03737357 0.03873718 0.0369748  0.04375971 0.04373428 0.0439493
 0.04333638 0.0413719  0.04579351 0.04241178 0.03844489 0.03544173
 0.0402043  0.04194025 0.03930651 0.04672775]
[0.03758244 0.0330208  0.04290008 0.04007127 0.03699904 0.04729525
 0.04479762 0.04030878 0.04346031 0.04207416 0.05050437 0.03875517
 0.0504648  0.03730867 0.03745177 0.04343967 0.04136511 0.04245473
 0.04030708 0.03934857 0.04588115 0.03677616 0.05716858 0.04331147
 0.03917809 0.03924638 0.04075693 0.04694249 0.99784929 0.04459181
 0.04111777 0.04624721 0.04665062 0.04575441 0.04105147 0.03663537
 0.04313406 0.04363894 0.03976568 0.04002437 0.04273257 0.04354713
 0.04092517 0.04084276 0.03902274 0.03952534 0.03655231 0.03601867
 0.03954805 0.04179386 0.03730004 0.04116861 0.04277799 0.04676307
 0.03782271 0.03731762 0.03693184 0.04490173 0.04043664 0.03850768
 0.04218695 0.04481397 0.03731882 0.04294426]
[0.04167746 0.03506383 0.04701184 0.04174959 0.04677122 0.0519761
 0.041586   0.03903907 0.04362369 0.04047614 0.04484084 0.04144321
 0.04029341 0.03941685 0.04137497 0.03628401 0.03945734 0.05548432
 0.04044947 0.04459016 0.0449589  0.04332842 0.04265712 0.04410134
 0.04214739 0.04026481 0.04119809 0.04733497 0.04019566 0.99820722
 0.03947151 0.04625018 0.04240215 0.05421264 0.04573795 0.03887107
 0.04765442 0.04238099 0.03978645 0.03509819 0.05148377 0.03332515
 0.04921588 0.03513375 0.04403056 0.05345382 0.0362021  0.04154721
 0.04739409 0.04941548 0.04822102 0.04436052 0.05291638 0.04645913
 0.04305893 0.03266694 0.04772718 0.04231115 0.03604806 0.03741272
 0.03625195 0.0523377  0.04000436 0.04169274]
[0.04357179 0.03763175 0.04396467 0.041297   0.03613986 0.04230107
 0.04103738 0.04837622 0.04333044 0.04192223 0.04566861 0.03861566
 0.04444412 0.04112983 0.04542908 0.04519089 0.04361207 0.04215623
 0.03881135 0.04165578 0.03873648 0.04198156 0.03873082 0.04011014
 0.04486936 0.03660609 0.0455038  0.03891532 0.04275872 0.04244872
 0.99843769 0.04476788 0.05000279 0.04227207 0.04722742 0.03999361
 0.05104453 0.03953726 0.04035997 0.03844481 0.04377564 0.03951194
 0.04798613 0.03890074 0.04024237 0.04019189 0.04516955 0.04211742
 0.03816746 0.04369409 0.04105454 0.04520279 0.04479265 0.04394709
 0.04682386 0.03969651 0.04453416 0.04036249 0.03705394 0.04305941
 0.03631783 0.04062957 0.04125122 0.03923391]
[0.03917228 0.04298693 0.0430552  0.04692822 0.03955733 0.04718707
 0.04408311 0.03789465 0.03987261 0.0450114  0.0421977  0.03745426
 0.04119816 0.04688935 0.04024234 0.03877264 0.0388213  0.03630593
 0.04322001 0.03948357 0.03811054 0.04062814 0.0396845  0.0368152
 0.04445497 0.03725576 0.03877548 0.04014694 0.04680008 0.0393414
 0.03626003 0.99788837 0.0416282  0.04280441 0.04767946 0.03522075
 0.04715534 0.03980809 0.04404754 0.04281734 0.04188858 0.03525125
 0.04363975 0.04134069 0.0392804  0.04107751 0.03792287 0.04306618
 0.03938606 0.04049799 0.04085583 0.04122545 0.03699193 0.04402051
 0.04627903 0.04256356 0.04575145 0.03476573 0.03647889 0.03426327
 0.03858285 0.041872   0.03729879 0.03825691]
[0.048197   0.03719945 0.04221425 0.04193443 0.03952586 0.04892992
 0.03810623 0.04172428 0.03670716 0.03797068 0.04806397 0.04069207
 0.04142833 0.03818082 0.03700365 0.04039641 0.03723477 0.0410334
 0.03806638 0.04085084 0.04306395 0.04492154 0.04421786 0.05198951
 0.04478347 0.03797573 0.05303177 0.04558167 0.04682264 0.04034436
 0.03663307 0.04321214 0.99787638 0.04595601 0.04305324 0.0359926
 0.04842819 0.04936885 0.04157002 0.04112462 0.04873017 0.03419487
 0.04279457 0.04044449 0.04207948 0.03771828 0.04061735 0.03857905
 0.03738384 0.04209991 0.03712309 0.04431573 0.03908661 0.04513419
 0.03613705 0.043077   0.04271459 0.03870312 0.03674138 0.0423933
 0.0513852  0.04046251 0.05539167 0.03457275]
[0.0416252  0.03753098 0.0475712  0.03734981 0.04232691 0.04241779
 0.04346449 0.0362449  0.0414697  0.04007748 0.04478706 0.03642004
 0.04498063 0.04193673 0.03677012 0.03944528 0.04258661 0.04412054
 0.04003163 0.04255055 0.03864711 0.04832713 0.04600958 0.03611685
 0.04526103 0.03700073 0.05075783 0.03899535 0.04159856 0.04390142
 0.0410591  0.04541543 0.03916884 0.99805959 0.04034431 0.0435554
 0.05942645 0.0384026  0.03846169 0.04285734 0.04439006 0.03922741
 0.0429103  0.04081017 0.04495685 0.03838616 0.03868572 0.04527482
 0.04630611 0.03766201 0.04098802 0.03915893 0.04389792 0.04093265
 0.04029039 0.04125325 0.05284223 0.03811021 0.03831195 0.03627796
 0.03776324 0.04468433 0.03434483 0.03849103]
[0.04612155 0.04155853 0.04334552 0.04091393 0.03748044 0.04673828
 0.04340816 0.05161355 0.04108564 0.04619437 0.04133793 0.04345485
 0.04348895 0.04480895 0.03556871 0.03961659 0.05030671 0.03722685
 0.03706032 0.03549517 0.04173777 0.03880339 0.03966335 0.03809704
 0.04294913 0.03853666 0.03983946 0.03832558 0.04034623 0.04557204
 0.03669031 0.04867995 0.04148544 0.03647204 0.99776084 0.0426923
 0.04715862 0.04272487 0.03981041 0.04384547 0.04370946 0.04189196
 0.0411154  0.04255751 0.04376396 0.04276609 0.03901773 0.04290709
 0.03889249 0.04004143 0.0445385  0.0466097  0.05630675 0.04176834
 0.04319192 0.04017117 0.05672127 0.03571377 0.0352333  0.03448882
 0.04063545 0.04908988 0.03914894 0.0383473 ]
[0.04183867 0.033147   0.03410037 0.04839604 0.03288469 0.05371815
 0.04346863 0.03664003 0.04660276 0.04496128 0.04027352 0.03651617
 0.04514991 0.04347553 0.03618338 0.0369776  0.04036408 0.03881788
 0.04677013 0.04017899 0.04505624 0.04349562 0.04659287 0.03848439
 0.04134346 0.04073207 0.04812946 0.03855258 0.04712306 0.03701158
 0.0461442  0.04774997 0.04320286 0.04367514 0.0501407  0.99824953
 0.045084   0.04336671 0.04253259 0.03659504 0.04582016 0.04409503
 0.0426956  0.03890243 0.04019554 0.04080915 0.04170082 0.03795283
 0.04922637 0.04168375 0.04458324 0.04095848 0.03844507 0.03526264
 0.03874279 0.03488698 0.0444386  0.03871735 0.03533289 0.03899081
 0.03694122 0.04254498 0.03987484 0.03727061]
[0.0362819  0.04251846 0.0412888  0.0437693  0.03782992 0.04293903
 0.04073038 0.04341313 0.04258225 0.04219398 0.04498711 0.0392081
 0.04027094 0.03897414 0.0431064  0.04012634 0.04088935 0.0470781
 0.04116371 0.03538626 0.04059856 0.03920517 0.04312101 0.04899081
 0.03879059 0.05038187 0.04862014 0.04257017 0.04593936 0.04341565
 0.03672651 0.03897414 0.03839839 0.04225637 0.04043945 0.05680463
 0.9978665  0.03979015 0.04556263 0.04011136 0.04954992 0.03820686
 0.03603203 0.03602168 0.04826579 0.03816061 0.03894591 0.04081017
 0.03560109 0.03911452 0.04024922 0.04235941 0.04048976 0.04417999
 0.04318184 0.03421268 0.03889119 0.03442642 0.03484973 0.03786363
 0.03780604 0.04144135 0.04143769 0.0418662 ]
[0.03825413 0.04011976 0.04751768 0.03948913 0.04153425 0.04541306
 0.04209293 0.03832719 0.04111558 0.03891197 0.04470741 0.03695373
 0.04561646 0.05354151 0.04490354 0.04097009 0.04443394 0.04428788
 0.04040919 0.03815386 0.03893522 0.04427196 0.03893475 0.04329762
 0.04401476 0.04278786 0.0390037  0.04163204 0.04258776 0.04585159
 0.03629781 0.04781322 0.04381654 0.04197237 0.04822583 0.04281068
 0.04748946 0.99789429 0.04192651 0.04189844 0.04889409 0.03848302
 0.04163386 0.04796775 0.04243558 0.04816157 0.04301639 0.03586472
 0.04167749 0.04041571 0.04365024 0.05184033 0.0484392  0.04647984
 0.04282335 0.04043433 0.03832722 0.0370395  0.04359636 0.04237726
 0.04537603 0.04754973 0.03872322 0.03456382]
[0.040068   0.03297166 0.04532182 0.03825552 0.04211737 0.04235925
 0.04176781 0.04517022 0.04674123 0.03829489 0.04349927 0.03769355
 0.04008067 0.04145259 0.04552827 0.04711468 0.04236678 0.04477592
 0.04070079 0.04105618 0.04572119 0.04108795 0.04578359 0.0393666
 0.04467839 0.04475715 0.04006971 0.04075226 0.04278353 0.04328595
 0.04314273 0.04484275 0.0409934  0.04646414 0.04575892 0.04186386
 0.04735853 0.03630891 0.99815215 0.04157175 0.04938997 0.03697632
 0.04265799 0.03903796 0.04448163 0.0383556  0.04220839 0.04416209
 0.03876831 0.03857061 0.04133107 0.04984987 0.03783442 0.04346599
 0.04266134 0.0489709  0.04132217 0.04255049 0.0411694  0.03210574
 0.04145601 0.04503784 0.04141844 0.03825169]
[0.04268875 0.03734793 0.0442546  0.0489332  0.03940683 0.03900448
 0.04810579 0.03409562 0.03991818 0.0420755  0.05004441 0.03728505
 0.04499614 0.04368809 0.04177289 0.03773911 0.04377423 0.03794115
 0.03754136 0.04044672 0.03945956 0.03834682 0.04401737 0.04359463
 0.05549873 0.03824929 0.04725929 0.03995004 0.05242461 0.04178362
 0.05067445 0.04685609 0.0416481  0.04594512 0.04633915 0.0491438
 0.04942433 0.0376394  0.04306809 0.99811722 0.04257044 0.03816358
 0.05149076 0.03812382 0.05237518 0.04143398 0.04055268 0.04407361
 0.04506725 0.0379016  0.03978253 0.03978216 0.04312268 0.04193159
 0.04332521 0.03627891 0.04401471 0.04074429 0.0470353  0.04412518
 0.04055375 0.04321841 0.03709372 0.03417572]
[0.03974166 0.03802159 0.04902313 0.04415575 0.04013787 0.04247586
 0.04055699 0.04102027 0.04084322 0.03919053 0.04105057 0.0371388
 0.04214197 0.04140129 0.03931948 0.04402184 0.04060546 0.03821283
 0.04268777 0.04001552 0.03607247 0.03624421 0.04427779 0.0384409
 0.05016753 0.04248732 0.04022473 0.03887625 0.04195907 0.04016569
 0.04075178 0.04508977 0.03723309 0.04004371 0.04071791 0.04008392
 0.04791331 0.03901434 0.04501007 0.04535553 0.99796919 0.04110649
 0.04726705 0.04207488 0.0483013  0.0451369  0.03711309 0.03736628
 0.0441013  0.04658196 0.04120349 0.04210199 0.03956021 0.04197348
 0.04270472 0.03786803 0.03468288 0.0326024  0.04086639 0.03503346
 0.0429087  0.03952746 0.03895728 0.03586104]
[0.04339018 0.04144379 0.04239085 0.04181983 0.04006821 0.04130147
 0.0416767  0.03918123 0.04879694 0.04446646 0.04240153 0.03936868
 0.04439446 0.04020242 0.03927734 0.04207137 0.03789014 0.04532169
 0.03723171 0.04639576 0.04711379 0.03839074 0.04442339 0.05088157
 0.04250225 0.03805015 0.04532475 0.0413904  0.03963649 0.04422872
 0.03949594 0.04182896 0.04730625 0.04629597 0.04469097 0.04940537
 0.05434548 0.04167926 0.04275387 0.04300936 0.04789092 0.99808911
 0.05297625 0.03859715 0.04128398 0.04140696 0.0398156  0.03962639
 0.04380231 0.04232858 0.0429055  0.04883531 0.04444909 0.03776169
 0.04554715 0.03903283 0.03798844 0.04003229 0.03507959 0.03425562
 0.04618251 0.05015099 0.03718127 0.03868033]
[0.04604463 0.04338135 0.04560883 0.04063186 0.03869016 0.04190368
 0.03600377 0.0404701  0.0512849  0.03820676 0.04710021 0.03545258
 0.04165737 0.04129816 0.04117612 0.04868874 0.03817658 0.0374696
 0.0463036  0.04206424 0.04488193 0.04512989 0.04244043 0.04117302
 0.04340906 0.04405239 0.04074299 0.0422116  0.04179714 0.03964312
 0.04203373 0.04072316 0.04397592 0.04083227 0.0417398  0.04229521
 0.04212393 0.04114194 0.03815513 0.03965618 0.04300846 0.03588552
 0.99802134 0.0476041  0.04208239 0.0501597  0.03976636 0.04309605
 0.0405006  0.04510166 0.04871457 0.03669175 0.04392957 0.04238866
 0.04322864 0.03580419 0.03996987 0.03550898 0.03867519 0.04287662
 0.03741712 0.04609042 0.04329067 0.03415586]
[0.04509688 0.04022783 0.04258724 0.04294129 0.0450984  0.04773174
 0.04308875 0.03797081 0.04023466 0.04112392 0.04764639 0.03996479
 0.03831891 0.05870868 0.04392241 0.04224653 0.04122415 0.03846796
 0.03539086 0.04042422 0.04649303 0.05221735 0.04184036 0.04960475
 0.04738889 0.03919419 0.04374241 0.04816811 0.05274479 0.0475544
 0.03391876 0.03989409 0.04603684 0.05083533 0.0466157  0.04225
 0.04766306 0.04591714 0.04158663 0.04312606 0.04769488 0.04491075
 0.04360575 0.99834759 0.0439822  0.04211472 0.03684944 0.04322094
 0.03730428 0.05032346 0.03566562 0.04055728 0.04600415 0.04765316
 0.03837235 0.04957698 0.04639373 0.03898425 0.03704999 0.04014538
 0.0328022  0.036103   0.03647801 0.03742793]
[0.04181267 0.04678098 0.04058964 0.03955542 0.03908963 0.04038787
 0.04553163 0.03859959 0.04894639 0.03723903 0.04969987 0.04089173
 0.04046862 0.05200139 0.04249315 0.04207099 0.03768875 0.03569148
 0.03731205 0.03597117 0.03908712 0.04598707 0.04124108 0.04534157
 0.0440035  0.03923824 0.04240096 0.03854077 0.04610537 0.04442375
 0.03607879 0.04571984 0.0418041  0.04115755 0.04276285 0.03851177
 0.04705067 0.0477494  0.04337629 0.04738543 0.05387955 0.0478754
 0.04868409 0.03433481 0.99789015 0.04577754 0.0434415  0.03996498
 0.04137904 0.04498257 0.04355025 0.04004853 0.04698464 0.03930926
 0.03718286 0.0342567  0.04779656 0.03718677 0.03561128 0.03854211
 0.04149029 0.04771394 0.03752369 0.03832089]
[0.04509798 0.03574538 0.04174974 0.04047535 0.03524955 0.05201235
 0.04414563 0.04092263 0.03834704 0.03667865 0.05257443 0.04279395
 0.04573473 0.04267326 0.05213055 0.03763263 0.03472116 0.04648713
 0.04979451 0.03666727 0.04706744 0.04033886 0.0414587  0.03744941
 0.04238647 0.03527999 0.04339863 0.04269349 0.05073837 0.03813502
 0.04072883 0.04728617 0.04627864 0.04187984 0.0460885  0.03655859
 0.04624365 0.04660331 0.05410322 0.04315336 0.04179507 0.038978
 0.04177301 0.0385981  0.04054046 0.99800788 0.03955845 0.04759863
 0.04384882 0.04672613 0.03765936 0.03974292 0.04350361 0.05468275
 0.04941018 0.03703445 0.04134404 0.0444543  0.04118282 0.03750127
 0.03927529 0.04170791 0.03826972 0.04789258]
[0.03796527 0.03892314 0.04253147 0.03934784 0.03584015 0.04594108
 0.04641463 0.04051059 0.04506506 0.03676618 0.04378931 0.03572276
 0.04274035 0.0386654  0.04506433 0.04789246 0.04355208 0.042049
 0.04822551 0.0478003  0.04301914 0.04549727 0.04179721 0.03921092
 0.04122433 0.04936871 0.05207384 0.04681465 0.04483105 0.03976019
 0.03954582 0.0387435  0.04135843 0.04761168 0.0502608  0.04201096
 0.04818656 0.03817501 0.05128805 0.04029488 0.05059148 0.04253419
 0.04345256 0.03846085 0.04244373 0.04880931 0.99823327 0.04055605
 0.043869   0.04743809 0.03637624 0.05017843 0.0469353  0.04408154
 0.03766109 0.03776684 0.04539752 0.04936533 0.0370413  0.04193541
 0.03769587 0.04224607 0.0397161  0.04318868]
[0.04145314 0.04561342 0.04663072 0.0506235  0.03917291 0.04777514
 0.04205994 0.03304509 0.04820121 0.04254023 0.04429876 0.03899177
 0.04240145 0.04365016 0.03995236 0.04414666 0.03797983 0.04294226
 0.04057365 0.04234928 0.0417776  0.05043173 0.04471157 0.04552102
 0.03894892 0.04361212 0.03684832 0.03945141 0.04050317 0.03938302
 0.03813068 0.04778753 0.03658899 0.04187352 0.04074775 0.04051961
 0.04660248 0.04001616 0.04015369 0.03813813 0.0504916  0.05271419
 0.04411148 0.0436996  0.05081439 0.04083514 0.04066153 0.99812216
 0.03985724 0.04026379 0.04407083 0.04368939 0.04658429 0.04286698
 0.04152809 0.03931623 0.04617156 0.03951432 0.03819252 0.03418648
 0.0365305  0.04422263 0.04134613 0.04093655]
[0.04440103 0.03936287 0.04029601 0.04715402 0.03643301 0.04898251
 0.03852551 0.03562355 0.04203975 0.03833071 0.04313276 0.04014643
 0.04335891 0.04677136 0.04117955 0.04018872 0.04882764 0.04081838
 0.04767642 0.0340247  0.0374763  0.04174463 0.04511821 0.04287069
 0.04888127 0.04205514 0.04122097 0.0386773  0.04498579 0.03728463
 0.05947778 0.04005261 0.04061375 0.04745675 0.0556272  0.03974133
 0.04307148 0.03774679 0.04313636 0.0471392  0.04416716 0.04410591
 0.04448072 0.04448794 0.0521073  0.0451955  0.04729193 0.04199843
 0.99818394 0.04550253 0.04571286 0.04551321 0.05030121 0.04852156
 0.03791019 0.04096618 0.03710592 0.0376363  0.04880023 0.03898608
 0.03607652 0.04896933 0.04532047 0.04709488]
[0.05079598 0.03991056 0.03698536 0.04105183 0.04801852 0.04556645
 0.04745018 0.03956846 0.05274746 0.04014042 0.04168822 0.04652287
 0.04398485 0.04473223 0.04028386 0.04061874 0.04371933 0.0400499
 0.04164997 0.04320493 0.04036287 0.04060355 0.04417093 0.04459606
 0.04278182 0.05535432 0.03963469 0.03833545 0.0425028  0.04176207
 0.03808312 0.04728177 0.0426978  0.03899538 0.05216441 0.04221472
 0.0515141  0.03852508 0.040246   0.04087354 0.04696961 0.04649307
 0.04349527 0.03729748 0.04880732 0.04280126 0.03936481 0.04064672
 0.0396457  0.99833781 0.03946126 0.04392451 0.04303334 0.04010987
 0.04564281 0.04482454 0.04236843 0.03697313 0.03710819 0.03658832
 0.0405638  0.05088351 0.03571022 0.03774596]
[0.04241393 0.03145553 0.03979331 0.04029006 0.04222423 0.04595511
 0.04196694 0.04228471 0.0506052  0.04066243 0.04304853 0.04522627
 0.04707133 0.04097849 0.05297612 0.03618926 0.04610611 0.04673325
 0.0411706  0.03901422 0.04737712 0.05590714 0.04461461 0.05247896
 0.04339074 0.04256602 0.04878605 0.04637403 0.03833674 0.03584478
 0.04390472 0.04702427 0.04178974 0.05026647 0.04354213 0.04240367
 0.05455833 0.04156811 0.04163915 0.04538831 0.04870596 0.03728518
 0.04730581 0.03978744 0.04058349 0.04206807 0.04319143 0.04173146
 0.03923071 0.04307857 0.99821831 0.05109841 0.0421453  0.03852012
 0.04572561 0.03881513 0.04629212 0.04824723 0.03524233 0.03477217
 0.04089708 0.03871255 0.03612983 0.04036453]
[0.03658408 0.03484023 0.04144391 0.04031684 0.03729437 0.04629347
 0.04245328 0.03621736 0.03493646 0.03512803 0.05338373 0.0389607
 0.04463408 0.04598671 0.04700377 0.03831515 0.03471296 0.04674766
 0.0419523  0.04380987 0.0448401  0.04798438 0.04231226 0.03963443
 0.04117191 0.04043662 0.04396806 0.03631657 0.0482037  0.0393966
 0.03955625 0.04722932 0.04138502 0.04317946 0.03815622 0.03757017
 0.0506087  0.04355953 0.04434971 0.04694536 0.03854271 0.03505542
 0.04263384 0.04327925 0.04650821 0.03720446 0.04731061 0.03701215
 0.04818301 0.03952079 0.03262298 0.99791135 0.04466369 0.03958829
 0.04186853 0.03908235 0.05338737 0.0363713  0.04388983 0.04350069
 0.04838648 0.04882176 0.03756935 0.03541152]
[0.03948883 0.03727784 0.04610125 0.04534753 0.03824307 0.04738341
 0.04306343 0.03453043 0.03889425 0.04108339 0.04401835 0.04662735
 0.04867701 0.05228233 0.04219154 0.03967552 0.04152716 0.0397162
 0.04724179 0.03320527 0.04215856 0.04802689 0.04462829 0.0386882
 0.05168877 0.04256773 0.04678047 0.03937423 0.0401432  0.04248023
 0.04649493 0.04869293 0.03794312 0.03835747 0.04429699 0.04173603
 0.04545745 0.03808527 0.04577242 0.03957993 0.04441472 0.03989127
 0.03936087 0.03719647 0.04207124 0.04317085 0.03942698 0.03757756
 0.04671468 0.04055084 0.04127435 0.04380251 0.99788024 0.04513546
 0.04270513 0.0441751  0.04291134 0.0349367  0.03792042 0.04022206
 0.03747506 0.04444214 0.04070391 0.03732742]
[0.03710511 0.04103685 0.03996067 0.04659793 0.04066607 0.04211841
 0.04375511 0.03483654 0.04416353 0.03649501 0.04732932 0.03872298
 0.03871692 0.03552537 0.03594406 0.04134019 0.04058524 0.03921503
 0.04178676 0.04016671 0.04348197 0.04089348 0.0436229  0.03714353
 0.05464571 0.03911559 0.04173527 0.04995484 0.03933144 0.04962223
 0.04240909 0.04641422 0.03836155 0.04056711 0.03936743 0.03650176
 0.04812682 0.03833688 0.04531078 0.04821988 0.04756019 0.04111527
 0.0484339  0.03615854 0.0443272  0.04695552 0.04203544 0.04456444
 0.04194665 0.04727431 0.04071858 0.04557465 0.0399597  0.99768433
 0.03936665 0.03551452 0.04746021 0.03694442 0.04151391 0.04034982
 0.03984296 0.03940541 0.03509715 0.04036717]
[0.04410673 0.03536932 0.05043495 0.04519243 0.04052186 0.04056556
 0.04336979 0.03405277 0.04430609 0.03985001 0.0393368  0.04029835
 0.04209406 0.04588446 0.04056039 0.03791719 0.03819366 0.03748593
 0.04132056 0.0348639  0.04787211 0.04363656 0.03939509 0.04042617
 0.04177733 0.04049019 0.05136858 0.04644195 0.03899437 0.0384455
 0.03827716 0.05115    0.04515368 0.04263396 0.04350378 0.03932125
 0.05096699 0.04935983 0.04005502 0.05052102 0.0428088  0.04045136
 0.04331517 0.04039187 0.04765825 0.05068143 0.04060497 0.03607049
 0.03975365 0.04618931 0.03910867 0.046614   0.04744329 0.04161217
 0.99797075 0.04284434 0.04555812 0.05159854 0.03734707 0.03652726
 0.0421978  0.05232649 0.03864809 0.03547764]
[0.03773193 0.04720654 0.04209612 0.04664023 0.03846096 0.04259073
 0.04653122 0.03977293 0.04643948 0.04573673 0.04553002 0.04247093
 0.05301404 0.03958159 0.04159148 0.0453179  0.04129646 0.04373667
 0.0440853  0.0338135  0.04331234 0.04275533 0.037106   0.04292751
 0.05590542 0.03955549 0.06042299 0.04663245 0.05474819 0.03755936
 0.03749462 0.04732771 0.04037236 0.04070518 0.04071596 0.04619111
 0.0435528  0.04535573 0.04256464 0.04711244 0.0533487  0.04152784
 0.06248175 0.0401881  0.04810763 0.03732807 0.04417279 0.03752017
 0.0384369  0.04048916 0.04259257 0.03990006 0.04602218 0.04737888
 0.04352827 0.99805691 0.04327824 0.03887594 0.03835008 0.04799384
 0.03654894 0.04805717 0.05062499 0.03437726]
[0.03865086 0.04223199 0.04467493 0.04328538 0.0368197  0.0473452
 0.04678665 0.03655382 0.04456313 0.04003434 0.04854018 0.03940133
 0.04382735 0.04341038 0.03777119 0.0430814  0.04436741 0.03680996
 0.04527169 0.0380064  0.04591879 0.04526019 0.05109797 0.03762004
 0.04665542 0.0405295  0.05010935 0.03973175 0.04832053 0.03691562
 0.04113331 0.04748148 0.04137488 0.03866118 0.04065042 0.04251905
 0.04346816 0.0469692  0.04412922 0.0449383  0.04526538 0.03707008
 0.04556213 0.03515372 0.04302866 0.04136334 0.03764255 0.03794445
 0.03573992 0.04078134 0.04142994 0.04180266 0.04742675 0.04322743
 0.04086068 0.04224058 0.9983072  0.05201474 0.0402014  0.03689189
 0.03833804 0.04789697 0.03984886 0.03600568]
[0.04518429 0.04357309 0.0418632  0.05234804 0.03867539 0.04050053
 0.03663105 0.03760167 0.04150289 0.03640964 0.04194863 0.04195904
 0.04166898 0.03976424 0.04075424 0.0425491  0.04384285 0.05526808
 0.04830597 0.03678199 0.04234275 0.0408665  0.04091467 0.04429642
 0.04751708 0.04486756 0.04691081 0.03977402 0.05419662 0.0379356
 0.04021584 0.04425376 0.04164406 0.04195701 0.04027264 0.04732072
 0.0444324  0.04336658 0.05460858 0.0449901  0.04360472 0.04530663
 0.04370798 0.04114904 0.04917667 0.04683245 0.03976551 0.0430546
 0.04413505 0.04324121 0.03820038 0.04437603 0.0430783  0.04816353
 0.03862538 0.03561945 0.03931714 0.99837205 0.03825658 0.03888405
 0.03850524 0.04011159 0.03856746 0.03873871]
[0.04502297 0.03721529 0.04441861 0.03982314 0.0397909  0.04295312
 0.04329842 0.03834224 0.05023603 0.04167364 0.04058985 0.04042799
 0.04045717 0.03816881 0.04265827 0.04061112 0.05107012 0.04068683
 0.04197216 0.03522241 0.04085956 0.04241994 0.04655373 0.04096291
 0.03719551 0.04335937 0.0462117  0.04017208 0.04972844 0.04993169
 0.04154217 0.04662022 0.03983326 0.03829049 0.0432203  0.04178484
 0.04328418 0.04354639 0.0373608  0.03599225 0.03941372 0.04091382
 0.04245695 0.04145408 0.04292413 0.04054164 0.04395368 0.03851837
 0.03767499 0.04068884 0.04814635 0.05336981 0.04379032 0.04635389
 0.04498107 0.04508416 0.04025195 0.03921489 0.99840104 0.04242233
 0.03854757 0.04526019 0.04313246 0.0394539 ]
[0.0430622  0.0371013  0.03823544 0.0426074  0.03520616 0.04737968
 0.04344463 0.04541371 0.03924069 0.04040596 0.04007541 0.04060445
 0.03953502 0.03564412 0.04069962 0.03797882 0.04522086 0.03644912
 0.04347067 0.04366656 0.04447624 0.04196624 0.04566146 0.03873468
 0.04220485 0.0410988  0.04488742 0.0386669  0.05667812 0.04501289
 0.04582293 0.04200402 0.03983771 0.04155163 0.04509023 0.04766474
 0.05142572 0.05046069 0.04790751 0.04050914 0.04487437 0.04058136
 0.0449594  0.04007923 0.04683637 0.03978033 0.0399507  0.04278232
 0.04316391 0.04951474 0.05531026 0.04952194 0.04619166 0.04529644
 0.04091233 0.04226557 0.04607617 0.04363229 0.03875487 0.99841042
 0.03650725 0.04043217 0.0392673  0.04108794]
[0.03780515 0.0361441  0.04104434 0.04121451 0.03787982 0.04588596
 0.04820839 0.04014617 0.03571995 0.03633936 0.04459224 0.04319762
 0.04371136 0.04215067 0.04182951 0.04225317 0.04023791 0.04452948
 0.04662897 0.0370902  0.04700241 0.03439025 0.04873626 0.03974234
 0.04459308 0.04449067 0.03895038 0.04156138 0.04687192 0.03899643
 0.03891688 0.04775176 0.03721516 0.0484175  0.04761476 0.04095982
 0.0425363  0.04117831 0.04475313 0.04051216 0.04346348 0.03871905
 0.04309609 0.04931756 0.04479792 0.04174256 0.03951118 0.03944961
 0.04924161 0.05521665 0.04332381 0.05123707 0.04704028 0.04148798
 0.03785362 0.03943862 0.04120915 0.03577451 0.04136527 0.03835895
 0.99804264 0.04531837 0.0405479  0.04010305]
[0.03757073 0.03860685 0.03649912 0.04026595 0.04808404 0.04083143
 0.04560608 0.03365201 0.04715835 0.03834883 0.05047785 0.04623001
 0.04140897 0.05072386 0.04606056 0.04360766 0.03932834 0.04145084
 0.04238329 0.03326048 0.04126888 0.04417359 0.03949531 0.04280263
 0.04816958 0.03911429 0.0474284  0.04167212 0.04274254 0.04463651
 0.04154459 0.04092682 0.0400042  0.04530766 0.0440787  0.04104075
 0.04554722 0.03625476 0.04465853 0.04236444 0.04884462 0.03841665
 0.04331959 0.03691328 0.0370333  0.04529547 0.04182898 0.0458654
 0.04179223 0.04298736 0.04621676 0.05074564 0.04136823 0.04003745
 0.04021251 0.0419365  0.0458295  0.03864963 0.0386677  0.03329541
 0.04206334 0.99801827 0.03981635 0.03682128]
[0.04181011 0.0449456  0.03986901 0.04018855 0.04111196 0.04733691
 0.04446478 0.03898651 0.04508128 0.04410632 0.0498362  0.04393412
 0.04753454 0.04278808 0.04179914 0.04677176 0.04488907 0.04041328
 0.04904966 0.03276946 0.04071233 0.04105126 0.04947769 0.04389784
 0.04392622 0.04191301 0.04380011 0.03925915 0.04683099 0.04911992
 0.04090869 0.06159816 0.04947191 0.04924915 0.05143509 0.03881716
 0.05446908 0.04004571 0.03924415 0.04891761 0.05036901 0.04346373
 0.04690625 0.03473138 0.04565764 0.0398474  0.03814803 0.04703776
 0.04031106 0.04304162 0.04237774 0.04758283 0.04019447 0.05030783
 0.04002173 0.04833992 0.04535037 0.0378827  0.04442067 0.03829901
 0.03526925 0.03515954 0.99834851 0.0458616 ]
[0.04057985 0.03750924 0.04277783 0.04187499 0.03664217 0.04277847
 0.04169077 0.03853515 0.03623223 0.04065867 0.04307069 0.0509324
 0.04811371 0.04498002 0.04590306 0.04973677 0.03889144 0.04536059
 0.04044666 0.03580011 0.04009739 0.04553571 0.0422524  0.04642795
 0.0487491  0.04521907 0.0422552  0.04190903 0.0445765  0.05575615
 0.03639514 0.04717611 0.04184072 0.04399159 0.0500924  0.04820205
 0.04575094 0.04169706 0.04556516 0.04429694 0.05338492 0.0443043
 0.05221461 0.04112133 0.04240238 0.04121163 0.04255421 0.0412134
 0.04018092 0.04559507 0.04223401 0.0445259  0.04097114 0.04282279
 0.04767726 0.04054748 0.04565553 0.04483358 0.04028325 0.04220808
 0.04113693 0.04602064 0.03827583 0.99834263]
