0.860649376025434 0.170151856296159 0.21575039260382944 0.3295327569153909 0.37415475016792704 0.12930079098637787 0.03512060451328942 0.11304828743893867 0.20423580341787437 0.3121664103487252 0.0055298220558124235 0.0638119508448746 0.1222209131684188 0.07118167306033994 0.23955572243757772 0.18094599656316326 0.10924792350169392 0.14069903638443823 0.15061773389615632
0.0745520505320818 0.8374669677625192 0.14420202666852922 0.10110861515150789 0.31215708261280734 0.27294382182496907 0.13011605219534514 0.06626140232282522 0.1188591434645536 0.25978892746135057 0.02487717229271212 0.062005931463478825 0.15674890541397243 0.06892085767140502 0.18975841473354527 0.19262124991063792 0.08717241552084068 0.0948758859218949 0.1932869056377996
0.20663601898154188 0.1562233174606305 0.8021727992759472 0.46628844532136393 0.20291317673519432 0.1370501710158068 0.10728882403692033 0.2547869643779896 0.1396173441277287 0.2894649098834684 0.0025066310895395533 0.03760218575131028 0.04765752259622468 0.13022542287888664 0.20744210692097778 0.13154403670968318 0.13764441202132513 0.23095411510753 0.04516355578916573
0.11002665335042548 0.07098293608952605 0.09617420554992077 0.6129362649122312 0.4283942044756988 0.1125871348759275 0.04823619279427164 0.08224024642576332 0.17049339802363428 0.24506854652660143 0.0035559338891385885 0.05122472948755179 0.15019829021478545 0.23152227066951622 0.2871892296847169 0.10135755359852247 0.14946697197048578 0.27953689482876104 0.08544832858442665
0.10015043879007321 0.060641310682209536 0.12173948658062071 0.13618589935329903 0.18393065249036075 0.11691216919819496 0.086855008102328 0.0457945180074777 0.1615722168783542 0.2537200431160594 0.008455470923013655 0.07087941490836852 0.1596682018699287 0.19502039703214066 0.3508999232190957 0.13678631468927221 0.14693861032065056 0.22204741472564046 0.15141710610367304
0.03432951676726317 0.1208481102904116 0.11643916746325814 0.10937925686416415 0.33599942130222593 0.5315051320438897 0.05004331537528678 0.031241798756846805 0.1376992518598951 0.2198837260631977 0.01455457737618925 0.0724403352868522 0.14655391744680238 0.1327132294554871 0.2508614405261559 0.21335112110015295 0.10251890150048781 0.14577287254295496 0.21393063463819426
0.11868375889669627 0.3588072974395538 0.07620336744058577 0.04262366281391243 0.17118785408339915 0.18659457708855795 0.7353720998854237 0.03482127587451211 0.08357666033129453 0.12854613807057103 0.02021434684520684 0.07445367057593817 0.16807408356096692 0.11374238664741525 0.1511519070411586 0.14777554764336095 0.06017625147317949 0.07645327989667626 0.1969517440307573
0.24511967941887783 0.030730542311331863 0.2741996472034253 0.18749994783687016 0.22355291483931372 0.07606248029832566 0.16998783652541652 0.8704979293665297 0.22818365143446334 0.23354043914929798 0.02092646417365877 0.0503151715157097 0.7118896361403152 0.2875268795704311 0.30187978577256314 0.09973382562281463 0.2335493138020193 0.4584302975742317 0.15316186008716948
0.10753715993523591 0.006664576143438474 0.028655917328900583 0.029007415832611887 0.249101185946675 0.04436374825029735 0.01594345761328937 0.052318068132515494 0.739290598771884 0.1312165244498859 0.009666095285543776 0.028986851967088032 0.09874909426529861 0.3321447450827604 0.24997650438652091 0.07892228704594068 0.06738190689485518 0.25690164398540866 0.0949608685574568
0.0626628048662876 0.020243906020169306 0.06264015510275774 0.021653509741641746 0.29829559314197845 0.05287083711894593 0.05966492747496164 0.015524486408163752 0.12531337025151437 0.48823394328426634 0.006863892122022829 0.03603031833442672 0.0700262984543319 0.1872090905089774 0.35085366756230574 0.18082288902745408 0.07051201301702084 0.1805570191173026 0.18213681112609806
0.17135593932610851 0.13764486684706725 0.29682040972425927 0.20363083381204655 0.03970838038573726 0.35881893278587307 0.17448800861116362 0.08415156612661087 0.08909074647130345 0.18243918509564794 0.998195099818703 0.11118315885036334 0.06821887892211947 0.08446516407602102 0.1119672028361413 0.44743694624180624 0.18470684691580164 0.10850854775998375 0.3153708227018903
0.09878769282333953 0.20056015184358303 0.10178111943094993 0.10880049251230069 0.12560436864772895 0.5032128155752971 0.5667412131806083 0.1069040280652143 0.12012260656467745 0.07177452139581328 0.0264616393550065 0.9419101368518358 0.10913067306004127 0.2345772057280819 0.20151246312373522 0.3868101628809798 0.45794932770052726 0.17324339311348885 0.6008749388131337
0.12707718926820996 0.053419172134731296 0.053794248873890844 0.188191451633909 0.18014315710358766 0.05674294943051986 0.04842260751054914 0.17057745767756521 0.20544036158451703 0.20967841073350013 0.013174179933953417 0.0844157392461266 0.3213176548718112 0.36976674842652724 0.12668356987692497 0.2336351735789221 0.21774399669209452 0.3106110135531026 0.09846038293438227
0.11381998349096069 0.08184724584845109 0.09968094861372108 0.20489675909542612 0.173178523961747 0.15262419102697547 0.08370506336439021 0.16354813336011334 0.1992997173389208 0.2049140373648828 0.014511409417200577 0.1018833725629231 0.23029481441746408 0.14797651053814545 0.17418747999195439 0.26042351658990576 0.2685839179995925 0.2370248963196881 0.10930371951366746
0.08914215516903777 0.10098727191726219 0.14207417609019812 0.18967034668657096 0.1495027414691406 0.1810778599890614 0.07857847509579961 0.1270582076529312 0.1977306403729993 0.2046985587001747 0.010542411853695637 0.11672542164866788 0.2779566400034884 0.4193495245503327 0.3891318453548552 0.31182268631966464 0.31447876190914514 0.21325532151513085 0.17074403626915843
0.09281143268197263 0.07298845103013843 0.13060378256865796 0.1662489656473462 0.15490013437972933 0.22315778959274998 0.10425339224149145 0.13626054680686134 0.18461616722618035 0.1748760670684149 0.00952823894739268 0.11163493632320069 0.1439595764713879 0.3152188859730384 0.13812576493984097 0.20225935426758912 0.21367907758009672 0.2700107049956562 0.2755947434232924
0.08624297068519769 0.06854769977283073 0.10996554939984074 0.12022353198731112 0.12926687800994935 0.18773157840236668 0.04834595925922789 0.139929119773371 0.16282406985878123 0.1752588185402044 0.01678132093439921 0.12712632395566847 0.13946601342533524 0.24726391857337052 0.11030325447045292 0.28257016225732334 0.5354870683306632 0.24830552813842527 0.34341352668256353
0.05495262283243308 0.04440674028950551 0.03241882474800784 0.06663708789411561 0.10177114627701327 0.07458267218392904 0.04193288957088828 0.10271433272975196 0.11231614366708934 0.10947081734389891 0.009604721839649145 0.06102958704816962 0.18854689061047394 0.189220138318024 0.03148991485687006 0.16115690767993182 0.1591360879265116 0.25059366884769896 0.10755810292930885
0.05299014229944159 0.03017713927458634 0.06429033202127828 0.07788563481828006 0.08731493389363792 0.06252452836731796 0.048337572995344004 0.083206827163496 0.11236483566836403 0.1107344151428978 0.0027562252036455325 0.06726801872261745 0.11475736019696343 0.1733600073416774 0.11078434973937988 0.22682971247369998 0.13924576298511387 0.1314546830509949 0.20179479309623724
