0.8606493760254083 0.1701518562961401 0.21575039260381762 0.32953275691538897 0.37415475016800576 0.12930079098623143 0.035120604513336644 0.11304828743894521 0.20423580341787897 0.31216641034876813 0.0055298220558072575 0.06381195084487107 0.12222091316839652 0.07118167306028934 0.23955572243757042 0.18094599656325044 0.10924792350169502 0.14069903638441994 0.15061773389624622
0.07455205053190228 0.8374669677624532 0.14420202666856957 0.10110861515155138 0.3121570826128174 0.27294382182485794 0.13011605219526526 0.06626140232287533 0.11885914346455201 0.2597889274613302 0.024877172292710446 0.06200593146346957 0.15674890541392172 0.06892085767132032 0.18975841473345667 0.1926212499107547 0.08717241552088177 0.0948758859218278 0.1932869056378487
0.20663601898161862 0.15622331746064816 0.8021727992759712 0.46628844532142294 0.2029131767352616 0.1370501710157364 0.10728882403690118 0.25478696437800447 0.13961734412772442 0.28946490988350565 0.0025066310895407277 0.03760218575131485 0.04765752259613511 0.13022542287885341 0.20744210692105144 0.1315440367096512 0.13764441202127073 0.23095411510755923 0.045163555789190395
0.1100266533505041 0.07098293608948898 0.09617420554984213 0.6129362649121769 0.42839420447573134 0.11258713487578777 0.04823619279418176 0.08224024642573836 0.1704933980236162 0.2450685465266659 0.003555933889128278 0.05122472948756379 0.1501982902146664 0.23152227066949643 0.28718922968473787 0.10135755359852423 0.1494669719704561 0.2795368948287566 0.08544832858449938
0.10015043879007841 0.06064131068220422 0.1217394865805555 0.13618589935323447 0.18393065249041957 0.11691216919823519 0.0868550081022679 0.04579451800745652 0.1615722168783485 0.2537200431160672 0.008455470923010223 0.07087941490838658 0.1596682018698792 0.19502039703214585 0.35089992321910113 0.13678631468922767 0.14693861032063898 0.22204741472564687 0.15141710610369113
0.03432951676719685 0.12084811029047048 0.11643916746326338 0.10937925686418067 0.33599942130222443 0.5315051320439778 0.05004331537527172 0.031241798756825357 0.13769925185987766 0.2198837260631893 0.014554577376183922 0.07244033528687376 0.14655391744672497 0.13271322945547168 0.25086144052608766 0.21335112110019425 0.10251890150049883 0.14577287254292723 0.2139306346382386
0.11868375889675875 0.3588072974396121 0.07620336744058576 0.04262366281398283 0.17118785408349438 0.18659457708830549 0.7353720998854076 0.034821275874492956 0.08357666033126646 0.12854613807051643 0.020214346845199165 0.0744536705759554 0.16807408356094306 0.11374238664739088 0.15115190704106074 0.14777554764340967 0.06017625147320936 0.07645327989661163 0.19695174403084983
0.2451196794188386 0.030730542311302067 0.27419964720340995 0.18749994783690122 0.22355291483946343 0.076062480298496 0.169987836525524 0.8704979293665559 0.22818365143443967 0.2335404391494379 0.020926464173661577 0.050315171515712034 0.7118896361404131 0.2875268795704206 0.30187978577269614 0.0997338256227563 0.23354931380200736 0.45843029757430737 0.15316186008709215
0.1075371599352606 0.0066645761434304535 0.02865591732891899 0.029007415832630015 0.24910118594664735 0.04436374825024657 0.01594345761330365 0.05231806813250132 0.7392905987718892 0.13121652444992282 0.009666095285541547 0.028986851967089697 0.09874909426518919 0.3321447450827368 0.2499765043864132 0.07892228704608437 0.06738190689486658 0.2569016439854074 0.09496086855748374
0.06266280486631283 0.020243906020174045 0.06264015510277016 0.02165350974167699 0.2982955931418598 0.052870837118974404 0.05966492747496578 0.015524486408167903 0.12531337025150827 0.48823394328417596 0.006863892122021482 0.03603031833442268 0.07002629845426589 0.18720909050889994 0.35085366756224307 0.18082288902752686 0.07051201301704353 0.18055701911728986 0.18213681112612032
0.17135593932616275 0.1376448668471826 0.296820409724196 0.20363083381205685 0.039708380385754416 0.35881893278610993 0.17448800861111016 0.08415156612651832 0.08909074647129393 0.18243918509562662 0.9981950998187032 0.11118315885037731 0.06821887892199194 0.08446516407616884 0.11196720283587275 0.4474369462416841 0.18470684691579065 0.1085085477600224 0.31537082270177214
0.09878769282331194 0.2005601518435954 0.1017811194309795 0.1088004925122649 0.12560436864757962 0.5032128155751526 0.5667412131806743 0.10690402806523668 0.12012260656471231 0.07177452139579067 0.026461639355011453 0.9419101368518211 0.10913067306006982 0.23457720572817783 0.20151246312382617 0.3868101628809618 0.4579493277005166 0.17324339311354456 0.6008749388130928
0.12707718926819195 0.053419172134680615 0.053794248873917754 0.18819145163391923 0.18014315710346698 0.05674294943046229 0.04842260751058358 0.1705774576774988 0.2054403615845299 0.20967841073350194 0.013174179933952604 0.08441573924613836 0.3213176548718299 0.36976674842648305 0.12668356987702714 0.2336351735789077 0.2177439966921352 0.3106110135529988 0.09846038293439127
0.11381998349098511 0.0818472458484749 0.09968094861374771 0.20489675909541005 0.17317852396171377 0.15262419102701266 0.08370506336435561 0.1635481333600888 0.19929971733895827 0.20491403736489483 0.0145114094171969 0.10188337256292572 0.23029481441743846 0.14797651053812697 0.1741874799919384 0.2604235165898908 0.26858391799957854 0.23702489631964924 0.10930371951365377
0.08914215516908672 0.10098727191730081 0.14207417609021142 0.18967034668659352 0.14950274146905024 0.18107785998909146 0.07857847509578345 0.12705820765291814 0.1977306403729969 0.20469855870011144 0.010542411853691473 0.11672542164868648 0.2779566400035141 0.41934952455038155 0.38913184535498757 0.3118226863197067 0.3144787619091322 0.21325532151511747 0.1707440362691455
0.09281143268196468 0.07298845103018649 0.13060378256865468 0.16624896564735345 0.15490013437972375 0.223157789592824 0.10425339224143802 0.13626054680686778 0.18461616722616958 0.17487606706837283 0.009528238947393762 0.11163493632321707 0.1439595764713283 0.315218885973014 0.13812576493985407 0.20225935426758923 0.21367907758010007 0.27001070499567165 0.275594743423272
0.08624297068519268 0.06854769977290083 0.10996554939988493 0.12022353198733897 0.12926687800989448 0.18773157840247262 0.048345959259204 0.13992911977337055 0.16282406985878528 0.17525881854017747 0.01678132093439857 0.1271263239556788 0.1394660134253099 0.2472639185734132 0.11030325447053962 0.2825701622573201 0.5354870683306887 0.24830552813846712 0.3434135266825585
0.05495262283245721 0.04440674028953594 0.03241882474800999 0.06663708789406474 0.10177114627691901 0.07458267218391834 0.04193288957082746 0.10271433272973284 0.11231614366707962 0.10947081734393628 0.00960472183964928 0.06102958704817735 0.18854689061052343 0.18922013831798912 0.031489914856618 0.1611569076799089 0.15913608792652098 0.2505936688476995 0.10755810292928022
0.05299014229942505 0.030177139274601614 0.06429033202128893 0.07788563481823811 0.08731493389362445 0.06252452836735589 0.048337572995306693 0.0832068271634753 0.11236483566836501 0.11073441514291728 0.002756225203643025 0.0672680187226307 0.11475736019699065 0.1733600073417635 0.11078434973922426 0.2268297124736894 0.13924576298509558 0.13145468305095373 0.20179479309633405
